1 , 4
2 , 4
3 , 4
4 , 8
5 , 8
6 , 20
7 , 20
8 , 24
9 , 32
10 , 36
11 , 52
12 , 52
13 , 56
14 , 60
15 , 72
16 , 80
17 , 80
18 , 100
19 , 132
20 , 136
21 , 136
22 , 148
23 , 148
24 , 152
25 , 160
26 , 160
27 , 164
28 , 192
29 , 192
30 , 196
31 , 204
32 , 220
33 , 252
34 , 256
35 , 332
36 , 332
37 , 332
38 , 332
39 , 336
40 , 340
41 , 356
42 , 372
43 , 376
44 , 376
45 , 380
46 , 388
47 , 392
48 , 392
49 , 392
50 , 412
51 , 452
52 , 452
53 , 456
54 , 464
55 , 468
56 , 484
57 , 484
58 , 484
59 , 484
60 , 488
61 , 496
62 , 500
63 , 512
64 , 524
65 , 524
66 , 544
67 , 552
68 , 572
69 , 604
70 , 604
71 , 608
72 , 680
73 , 684
74 , 812
75 , 820
76 , 828
77 , 844
78 , 844
79 , 876
80 , 888
81 , 892
82 , 892
83 , 892
84 , 896
85 , 896
86 , 896
87 , 912
88 , 916
89 , 916
90 , 924
91 , 944
92 , 952
93 , 952
94 , 964
95 , 980
96 , 1016
97 , 1028
98 , 1028
99 , 1092
100 , 1096
101 , 1096
102 , 1108
103 , 1124
104 , 1128
105 , 1128
106 , 1140
107 , 1144
108 , 1152
109 , 1152
110 , 1172
111 , 1172
112 , 1172
113 , 1208
114 , 1216
115 , 1220
116 , 1240
117 , 1248
118 , 1248
119 , 1248
120 , 1252
121 , 1264
122 , 1272
123 , 1272
124 , 1292
125 , 1324
126 , 1328
127 , 1328
128 , 1332
129 , 1340
130 , 1356
131 , 1360
132 , 1368
133 , 1368
134 , 1380
135 , 1404
136 , 1404
137 , 1472
138 , 1636
139 , 1636
140 , 1640
141 , 1640
142 , 1644
143 , 1652
144 , 1660
145 , 1664
146 , 1680
147 , 1684
148 , 1684
149 , 1688
150 , 1704
151 , 1720
152 , 1720
153 , 1728
154 , 1744
155 , 1776
156 , 2096
157 , 2108
158 , 2116
159 , 2116
160 , 2116
161 , 2120
162 , 2132
163 , 2132
164 , 2136
165 , 2144
166 , 2148
167 , 2164
168 , 2200
169 , 2208
170 , 2224
171 , 2224
172 , 2228
173 , 2228
174 , 2232
175 , 2240
176 , 2244
177 , 2252
178 , 2268
179 , 2268
180 , 2272
181 , 2284
182 , 2284
183 , 2292
184 , 2292
185 , 2304
186 , 2328
187 , 2376
188 , 2440
189 , 2568
190 , 2572
191 , 2572
192 , 2580
193 , 2588
194 , 2592
195 , 2604
196 , 2620
197 , 2652
198 , 2652
199 , 2656
200 , 2668
201 , 2672
202 , 2672
203 , 2672
204 , 2684
205 , 2700
206 , 2732
207 , 2800
208 , 2804
209 , 2812
210 , 2816
211 , 2820
212 , 2828
213 , 2844
214 , 2844
215 , 2844
216 , 2848
217 , 2852
218 , 2856
219 , 2864
220 , 2864
221 , 2872
222 , 2888
223 , 2904
224 , 2908
225 , 2908
226 , 2940
227 , 2940
228 , 2940
229 , 2944
230 , 2956
231 , 2968
232 , 2976
233 , 2980
234 , 2996
235 , 2996
236 , 3000
237 , 3000
238 , 3004
239 , 3016
240 , 3032
241 , 3032
242 , 3032
243 , 3064
244 , 3068
245 , 3144
246 , 3288
247 , 3548
248 , 4068
249 , 4080
250 , 4096
251 , 4100
252 , 4100
253 , 4100
254 , 4144
255 , 4148
256 , 4160
257 , 4160
258 , 4160
259 , 4180
260 , 4192
261 , 4192
262 , 4192
263 , 4192
264 , 4196
265 , 4204
266 , 4220
267 , 4256
268 , 4324
269 , 4336
270 , 4344
271 , 4344
272 , 4360
273 , 4364
274 , 4368
275 , 4372
276 , 4380
277 , 4380
278 , 4384
279 , 4392
280 , 4408
281 , 4408
282 , 4408
283 , 4448
284 , 4456
285 , 4460
286 , 4468
287 , 4484
288 , 4488
289 , 4500
290 , 4500
291 , 4500
292 , 4500
293 , 4504
294 , 4516
295 , 4532
296 , 4564
297 , 4632
298 , 4636
299 , 4636
300 , 4640
301 , 4776
302 , 4788
303 , 4804
304 , 4808
305 , 4808
306 , 4816
307 , 4820
308 , 4820
309 , 4832
310 , 4836
311 , 4836
312 , 4852
313 , 4884
314 , 4888
315 , 4888
316 , 4892
317 , 4892
318 , 4892
319 , 4896
320 , 4908
321 , 4920
322 , 4928
323 , 4944
324 , 4944
325 , 4944
326 , 4952
327 , 4960
328 , 4968
329 , 4976
330 , 4976
331 , 4992
332 , 4992
333 , 4996
334 , 5000
335 , 5012
336 , 5020
337 , 5024
338 , 5024
339 , 5076
340 , 5084
341 , 5164
342 , 5168
343 , 5176
344 , 5208
345 , 5220
346 , 5236
347 , 5236
348 , 5240
349 , 5244
350 , 5244
351 , 5244
352 , 5256
353 , 5264
354 , 5280
355 , 5312
356 , 5380
357 , 5384
358 , 5520
359 , 5776
360 , 5780
361 , 5792
362 , 5800
363 , 5816
364 , 5816
365 , 5824
366 , 5832
367 , 5848
368 , 5880
369 , 5884
370 , 5888
371 , 5896
372 , 5900
373 , 5900
374 , 5900
375 , 5908
376 , 5928
377 , 5932
378 , 5936
379 , 5944
380 , 5944
381 , 5948
382 , 5960
383 , 5976
384 , 6008
385 , 6076
386 , 6088
387 , 6088
388 , 6096
389 , 6112
390 , 6112
391 , 6112
392 , 6120
393 , 6128
394 , 6128
395 , 6132
396 , 6136
397 , 6144
398 , 6164
399 , 6164
400 , 6164
401 , 6168
402 , 6172
403 , 6180
404 , 6184
405 , 6192
406 , 6192
407 , 6196
408 , 6220
409 , 6220
410 , 6224
411 , 6256
412 , 6260
413 , 6268
414 , 6272
415 , 6272
416 , 6276
417 , 6276
418 , 6280
419 , 6288
420 , 6316
421 , 6332
422 , 6336
423 , 6336
424 , 6340
425 , 6348
426 , 6348
427 , 6352
428 , 6392
429 , 6456
430 , 6456
431 , 6460
432 , 6468
433 , 6488
434 , 6492
435 , 6504
436 , 6648
437 , 6680
438 , 6684
439 , 6688
440 , 6696
441 , 6700
442 , 6708
443 , 6728
444 , 6760
445 , 6832
446 , 6832
447 , 6836
448 , 6844
449 , 6864
450 , 6864
451 , 6864
452 , 6864
453 , 6868
454 , 6876
455 , 6888
456 , 6892
457 , 6892
458 , 6892
459 , 6896
460 , 6896
461 , 6900
462 , 6928
463 , 6968
464 , 6984
465 , 6984
466 , 6992
467 , 6996
468 , 7004
469 , 7024
470 , 7024
471 , 7024
472 , 7024
473 , 7024
474 , 7028
475 , 7072
476 , 7144
477 , 7160
478 , 7160
479 , 7164
480 , 7172
481 , 7180
482 , 7180
483 , 7312
484 , 7320
485 , 7596
486 , 8144
487 , 8148
488 , 8148
489 , 9172
490 , 9184
491 , 9188
492 , 9196
493 , 9200
494 , 9208
495 , 9212
496 , 9212
497 , 9228
498 , 9228
499 , 9232
500 , 9232
501 , 9244
502 , 9260
503 , 9260
504 , 9260
505 , 9300
506 , 9376
507 , 9384
508 , 9384
509 , 9388
510 , 9400
511 , 9416
512 , 9424
513 , 9424
514 , 9428
515 , 9452
516 , 9456
517 , 9456
518 , 9456
519 , 9464
520 , 9512
521 , 9516
522 , 9516
523 , 9520
524 , 9528
525 , 9536
526 , 9540
527 , 9548
528 , 9564
529 , 9600
530 , 9664
531 , 9796
532 , 9796
533 , 9808
534 , 9808
535 , 9808
536 , 9828
537 , 9836
538 , 9844
539 , 9852
540 , 9868
541 , 9872
542 , 9904
543 , 9904
544 , 9908
545 , 9916
546 , 9920
547 , 9928
548 , 9944
549 , 9948
550 , 9948
551 , 9956
552 , 9964
553 , 9964
554 , 9968
555 , 9976
556 , 9992
557 , 9996
558 , 10000
559 , 10004
560 , 10012
561 , 10012
562 , 10016
563 , 10028
564 , 10076
565 , 10140
566 , 10144
567 , 10144
568 , 10148
569 , 10152
570 , 10160
571 , 10168
572 , 10184
573 , 10188
574 , 10196
575 , 10196
576 , 10196
577 , 10200
578 , 10208
579 , 10228
580 , 10264
581 , 10272
582 , 10276
583 , 10284
584 , 10304
585 , 10336
586 , 10340
587 , 10340
588 , 10348
589 , 10352
590 , 10356
591 , 10356
592 , 10364
593 , 10384
594 , 10384
595 , 10388
596 , 10388
597 , 10392
598 , 10404
599 , 10404
600 , 10404
601 , 10404
602 , 10408
603 , 10416
604 , 10432
605 , 10468
606 , 10544
607 , 10544
608 , 10672
609 , 10932
610 , 10936
611 , 10940
612 , 10948
613 , 10964
614 , 10968
615 , 10980
616 , 10988
617 , 10988
618 , 10988
619 , 10988
620 , 10992
621 , 11000
622 , 11000
623 , 11020
624 , 11064
625 , 11064
626 , 11132
627 , 11132
628 , 11140
629 , 11156
630 , 11160
631 , 11160
632 , 11172
633 , 11180
634 , 11180
635 , 11200
636 , 11236
637 , 11248
638 , 11256
639 , 11256
640 , 11260
641 , 11268
642 , 11284
643 , 11288
644 , 11288
645 , 11288
646 , 11292
647 , 11300
648 , 11316
649 , 11320
650 , 11328
651 , 11336
652 , 11384
653 , 11452
654 , 11588
655 , 11604
656 , 11608
657 , 11612
658 , 11616
659 , 11616
660 , 11616
661 , 11616
662 , 11620
663 , 11636
664 , 11640
665 , 11644
666 , 11652
667 , 11668
668 , 11668
669 , 11708
670 , 11724
671 , 11724
672 , 11728
673 , 11736
674 , 11744
675 , 11744
676 , 11748
677 , 11756
678 , 11776
679 , 11776
680 , 11776
681 , 11812
682 , 11812
683 , 11816
684 , 11824
685 , 11824
686 , 11896
687 , 11904
688 , 11908
689 , 11908
690 , 11912
691 , 11928
692 , 11944
693 , 11960
694 , 11964
695 , 11976
696 , 12016
697 , 12032
698 , 12064
699 , 12132
700 , 12264
701 , 12524
702 , 13036
703 , 13036
704 , 13040
705 , 13048
706 , 13056
707 , 13060
708 , 13080
709 , 13088
710 , 13092
711 , 13100
712 , 13100
713 , 13104
714 , 13104
715 , 13120
716 , 13124
717 , 13136
718 , 13136
719 , 13140
720 , 13140
721 , 13144
722 , 13160
723 , 13176
724 , 13212
725 , 13212
726 , 13216
727 , 13224
728 , 13228
729 , 13228
730 , 13232
731 , 13232
732 , 13236
733 , 13248
734 , 13272
735 , 13288
736 , 13320
737 , 13320
738 , 13324
739 , 13332
740 , 13332
741 , 13332
742 , 13332
743 , 13332
744 , 13344
745 , 13356
746 , 13380
747 , 13380
748 , 13380
749 , 13416
750 , 13480
751 , 13488
752 , 13512
753 , 13512
754 , 13516
755 , 13524
756 , 13524
757 , 13528
758 , 13540
759 , 13556
760 , 13556
761 , 13560
762 , 13560
763 , 13568
764 , 13568
765 , 13568
766 , 13572
767 , 13624
768 , 13636
769 , 13636
770 , 13636
771 , 13712
772 , 13712
773 , 13872
774 , 13872
775 , 13872
776 , 13912
777 , 13928
778 , 13932
779 , 13944
780 , 13944
781 , 13944
782 , 13948
783 , 13948
784 , 13952
785 , 13964
786 , 13984
787 , 13992
788 , 14024
789 , 14092
790 , 14092
791 , 14092
792 , 14100
793 , 14108
794 , 14116
795 , 14132
796 , 14136
797 , 14136
798 , 14140
799 , 14148
800 , 14148
801 , 14148
802 , 14156
803 , 14164
804 , 14180
805 , 14216
806 , 14224
807 , 14244
808 , 14248
809 , 14256
810 , 14256
811 , 14260
812 , 14264
813 , 14268
814 , 14276
815 , 14292
816 , 14328
817 , 14336
818 , 14340
819 , 14340
820 , 14340
821 , 14344
822 , 14344
823 , 14356
824 , 14372
825 , 14440
826 , 14572
827 , 14836
828 , 14836
829 , 14844
830 , 14844
831 , 14848
832 , 14856
833 , 14864
834 , 14864
835 , 14868
836 , 14884
837 , 14896
838 , 14900
839 , 14900
840 , 14916
841 , 14916
842 , 14920
843 , 14956
844 , 14964
845 , 14968
846 , 14980
847 , 14988
848 , 15004
849 , 15040
850 , 15040
851 , 15108
852 , 15116
853 , 15132
854 , 15136
855 , 15140
856 , 15140
857 , 15140
858 , 15148
859 , 15152
860 , 15156
861 , 15156
862 , 15156
863 , 15160
864 , 15168
865 , 15188
866 , 15196
867 , 15236
868 , 15236
869 , 15244
870 , 15248
871 , 15248
872 , 15252
873 , 15252
874 , 15252
875 , 15256
876 , 15256
877 , 15268
878 , 15288
879 , 15308
880 , 15308
881 , 15324
882 , 15328
883 , 15328
884 , 15360
885 , 15368
886 , 15436
887 , 15568
888 , 15580
889 , 15604
890 , 15604
891 , 15620
892 , 15620
893 , 15628
894 , 15628
895 , 15632
896 , 15644
897 , 15652
898 , 15672
899 , 15704
900 , 15704
901 , 15708
902 , 15716
903 , 15720
904 , 15724
905 , 15732
906 , 15748
907 , 15752
908 , 15792
909 , 15792
910 , 15796
911 , 15800
912 , 15800
913 , 15808
914 , 15824
915 , 15828
916 , 15828
917 , 15832
918 , 15840
919 , 15840
920 , 15844
921 , 15852
922 , 15856
923 , 15872
924 , 15904
925 , 15972
926 , 15980
927 , 15984
928 , 15992
929 , 16012
930 , 16016
931 , 16024
932 , 16028
933 , 16032
934 , 16040
935 , 16056
936 , 16060
937 , 16064
938 , 16072
939 , 16072
940 , 16076
941 , 16084
942 , 16104
943 , 16136
944 , 16136
945 , 16204
946 , 16204
947 , 16212
948 , 16212
949 , 16220
950 , 16228
951 , 16228
952 , 16244
953 , 16244
954 , 16252
955 , 16260
956 , 16260
957 , 16268
958 , 16284
959 , 16300
960 , 16304
961 , 16336
962 , 16344
963 , 16364
964 , 16396
965 , 16396
966 , 16400
967 , 16408
968 , 16412
969 , 16412
970 , 16420
971 , 16420
972 , 16424
973 , 16452
974 , 16452
975 , 16456
976 , 16464
977 , 16480
978 , 16512
979 , 16580
980 , 16588
981 , 16592
982 , 16596
983 , 16732
984 , 16748
985 , 16752
986 , 16756
987 , 16756
988 , 16756
989 , 16760
990 , 16764
991 , 16772
992 , 16772
993 , 16776
994 , 16776
995 , 16780
996 , 16788
997 , 16808
998 , 16848
999 , 16916
1000 , 17044
1001 , 17304
1002 , 17824
1003 , 17824
1004 , 17824
1005 , 18868
1006 , 18868
1007 , 18872
1008 , 20928
1009 , 20944
1010 , 20964
1011 , 20996
1012 , 20996
1013 , 21004
1014 , 21008
1015 , 21008
1016 , 21032
1017 , 21036
1018 , 21040
1019 , 21048
1020 , 21068
1021 , 21068
1022 , 21104
1023 , 21112
1024 , 21116
1025 , 21120
1026 , 21120
1027 , 21124
1028 , 21124
1029 , 21132
1030 , 21148
1031 , 21152
1032 , 21152
1033 , 21164
1034 , 21172
1035 , 21172
1036 , 21188
1037 , 21188
1038 , 21228
1039 , 21236
1040 , 21240
1041 , 21248
1042 , 21248
1043 , 21248
1044 , 21272
1045 , 21280
1046 , 21280
1047 , 21284
1048 , 21284
1049 , 21356
1050 , 21356
1051 , 21360
1052 , 21380
1053 , 21412
1054 , 21476
1055 , 21608
1056 , 21616
1057 , 21624
1058 , 21640
1059 , 21656
1060 , 21656
1061 , 21656
1062 , 21916
1063 , 21924
1064 , 21944
1065 , 21944
1066 , 21948
1067 , 21960
1068 , 21964
1069 , 21972
1070 , 21988
1071 , 22024
1072 , 22028
1073 , 22036
1074 , 22036
1075 , 22036
1076 , 22040
1077 , 22048
1078 , 22068
1079 , 22100
1080 , 22104
1081 , 22112
1082 , 22116
1083 , 22116
1084 , 22120
1085 , 22128
1086 , 22128
1087 , 22128
1088 , 22148
1089 , 22160
1090 , 22160
1091 , 22164
1092 , 22164
1093 , 22172
1094 , 22192
1095 , 22224
1096 , 22228
1097 , 22240
1098 , 22248
1099 , 22248
1100 , 22252
1101 , 22256
1102 , 22256
1103 , 22256
1104 , 22256
1105 , 22256
1106 , 22260
1107 , 22332
1108 , 22340
1109 , 22364
1110 , 22364
1111 , 22368
1112 , 22376
1113 , 22396
1114 , 22432
1115 , 22432
1116 , 22444
1117 , 22444
1118 , 22444
1119 , 22444
1120 , 22468
1121 , 22476
1122 , 22480
1123 , 22484
1124 , 22492
1125 , 22516
1126 , 22548
1127 , 22616
1128 , 22616
1129 , 22620
1130 , 22620
1131 , 22624
1132 , 22624
1133 , 22636
1134 , 22644
1135 , 22648
1136 , 22800
1137 , 22816
1138 , 22852
1139 , 22916
1140 , 22920
1141 , 22932
1142 , 22932
1143 , 22932
1144 , 22936
1145 , 22948
1146 , 22964
1147 , 22964
1148 , 22964
1149 , 22964
1150 , 22972
1151 , 22984
1152 , 22992
1153 , 23008
1154 , 23044
1155 , 23044
1156 , 23044
1157 , 23044
1158 , 23052
1159 , 23060
1160 , 23060
1161 , 23064
1162 , 23072
1163 , 23072
1164 , 23076
1165 , 23088
1166 , 23112
1167 , 23132
1168 , 23164
1169 , 23236
1170 , 23368
1171 , 23368
1172 , 23624
1173 , 23624
1174 , 23628
1175 , 23628
1176 , 24156
1177 , 24180
1178 , 24184
1179 , 24184
1180 , 24184
1181 , 24188
1182 , 24196
1183 , 24196
1184 , 24212
1185 , 24248
1186 , 24256
1187 , 24260
1188 , 24268
1189 , 24288
1190 , 24292
1191 , 24300
1192 , 24300
1193 , 24304
1194 , 24304
1195 , 24312
1196 , 24332
1197 , 24364
1198 , 24432
1199 , 24444
1200 , 24444
1201 , 24444
1202 , 24444
1203 , 24448
1204 , 24448
1205 , 24464
1206 , 24464
1207 , 24480
1208 , 24484
1209 , 24484
1210 , 24496
1211 , 24504
1212 , 24520
1213 , 24556
1214 , 24560
1215 , 24568
1216 , 24568
1217 , 24568
1218 , 24568
1219 , 24572
1220 , 24576
1221 , 24584
1222 , 24604
1223 , 24608
1224 , 24616
1225 , 24620
1226 , 24620
1227 , 24624
1228 , 24640
1229 , 24656
1230 , 24692
1231 , 24756
1232 , 24888
1233 , 24896
1234 , 24912
1235 , 24916
1236 , 24920
1237 , 24928
1238 , 24928
1239 , 24932
1240 , 24940
1241 , 24956
1242 , 24960
1243 , 24992
1244 , 25004
1245 , 25008
1246 , 25016
1247 , 25032
1248 , 25036
1249 , 25036
1250 , 25040
1251 , 25040
1252 , 25044
1253 , 25052
1254 , 25056
1255 , 25064
1256 , 25080
1257 , 25116
1258 , 25180
1259 , 25184
1260 , 25188
1261 , 25196
1262 , 25200
1263 , 25200
1264 , 25200
1265 , 25208
1266 , 25228
1267 , 25228
1268 , 25228
1269 , 25240
1270 , 25256
1271 , 25272
1272 , 25276
1273 , 25308
1274 , 25320
1275 , 25320
1276 , 25320
1277 , 25320
1278 , 25320
1279 , 25320
1280 , 25320
1281 , 25352
1282 , 25364
1283 , 25388
1284 , 25388
1285 , 25424
1286 , 25424
1287 , 25492
1288 , 25620
1289 , 25876
1290 , 25880
1291 , 25888
1292 , 25892
1293 , 25908
1294 , 25912
1295 , 25912
1296 , 25928
1297 , 25928
1298 , 25936
1299 , 25940
1300 , 25940
1301 , 25940
1302 , 25940
1303 , 25964
1304 , 26004
1305 , 26012
1306 , 26016
1307 , 26016
1308 , 26040
1309 , 26040
1310 , 26044
1311 , 26048
1312 , 26056
1313 , 26064
1314 , 26084
1315 , 26116
1316 , 26116
1317 , 26184
1318 , 26196
1319 , 26204
1320 , 26204
1321 , 26204
1322 , 26204
1323 , 26208
1324 , 26212
1325 , 26220
1326 , 26224
1327 , 26240
1328 , 26240
1329 , 26244
1330 , 26256
1331 , 26272
1332 , 26284
1333 , 26340
1334 , 26344
1335 , 26344
1336 , 26348
1337 , 26348
1338 , 26356
1339 , 26372
1340 , 26376
1341 , 26376
1342 , 26416
1343 , 26420
1344 , 26492
1345 , 26620
1346 , 26624
1347 , 26632
1348 , 26648
1349 , 26652
1350 , 26652
1351 , 26656
1352 , 26664
1353 , 26684
1354 , 26692
1355 , 26724
1356 , 26724
1357 , 26728
1358 , 26732
1359 , 26740
1360 , 26744
1361 , 26744
1362 , 26744
1363 , 26748
1364 , 26748
1365 , 26760
1366 , 26772
1367 , 26772
1368 , 26796
1369 , 26812
1370 , 26848
1371 , 26852
1372 , 26916
1373 , 26920
1374 , 26920
1375 , 26928
1376 , 26932
1377 , 26932
1378 , 26944
1379 , 26944
1380 , 26964
1381 , 26972
1382 , 26976
1383 , 26988
1384 , 26996
1385 , 27012
1386 , 27012
1387 , 27048
1388 , 27048
1389 , 27052
1390 , 27064
1391 , 27080
1392 , 27084
1393 , 27092
1394 , 27092
1395 , 27092
1396 , 27100
1397 , 27108
1398 , 27128
1399 , 27160
1400 , 27224
1401 , 27356
1402 , 27356
1403 , 27624
1404 , 28136
1405 , 29164
1406 , 29164
1407 , 29172
1408 , 29192
1409 , 29192
1410 , 29192
1411 , 29196
1412 , 29200
1413 , 29212
1414 , 29228
1415 , 29236
1416 , 29240
1417 , 29244
1418 , 29252
1419 , 29260
1420 , 29276
1421 , 29312
1422 , 29312
1423 , 29316
1424 , 29324
1425 , 29340
1426 , 29344
1427 , 29384
1428 , 29448
1429 , 29448
1430 , 29452
1431 , 29456
1432 , 29464
1433 , 29480
1434 , 29488
1435 , 29496
1436 , 29500
1437 , 29500
1438 , 29500
1439 , 29504
1440 , 29508
1441 , 29508
1442 , 29524
1443 , 29524
1444 , 29528
1445 , 29548
1446 , 29580
1447 , 29580
1448 , 29588
1449 , 29592
1450 , 29604
1451 , 29604
1452 , 29608
1453 , 29624
1454 , 29628
1455 , 29632
1456 , 29648
1457 , 29652
1458 , 29668
1459 , 29668
1460 , 29672
1461 , 29672
1462 , 29676
1463 , 29684
1464 , 29704
1465 , 29704
1466 , 29704
1467 , 29704
1468 , 29712
1469 , 29724
1470 , 29732
1471 , 29732
1472 , 29732
1473 , 29732
1474 , 29736
1475 , 29744
1476 , 29748
1477 , 29764
1478 , 29796
1479 , 29804
1480 , 29812
1481 , 29812
1482 , 29812
1483 , 29892
1484 , 29908
1485 , 30080
1486 , 30084
1487 , 30092
1488 , 30092
1489 , 30092
1490 , 30092
1491 , 30096
1492 , 30100
1493 , 30108
1494 , 30128
1495 , 30128
1496 , 30136
1497 , 30136
1498 , 30168
1499 , 30240
1500 , 30248
1501 , 30268
1502 , 30276
1503 , 30276
1504 , 30276
1505 , 30276
1506 , 30280
1507 , 30280
1508 , 30284
1509 , 30292
1510 , 30292
1511 , 30308
1512 , 30312
1513 , 30348
1514 , 30356
1515 , 30368
1516 , 30368
1517 , 30368
1518 , 30372
1519 , 30380
1520 , 30396
1521 , 30400
1522 , 30408
1523 , 30432
1524 , 30432
1525 , 30448
1526 , 30464
1527 , 30464
1528 , 30464
1529 , 30504
1530 , 30508
1531 , 30508
1532 , 30512
1533 , 30512
1534 , 30588
1535 , 30724
1536 , 30724
1537 , 30724
1538 , 30724
1539 , 31004
1540 , 31012
1541 , 31040
1542 , 31080
1543 , 31080
1544 , 31100
1545 , 31104
1546 , 31104
1547 , 31104
1548 , 31108
1549 , 31116
1550 , 31116
1551 , 31116
1552 , 31116
1553 , 31128
1554 , 31144
1555 , 31152
1556 , 31152
1557 , 31156
1558 , 31160
1559 , 31168
1560 , 31172
1561 , 31172
1562 , 31212
1563 , 31228
1564 , 31300
1565 , 31344
1566 , 31344
1567 , 31344
1568 , 31348
1569 , 31348
1570 , 31356
1571 , 31380
1572 , 31388
1573 , 31404
1574 , 31440
1575 , 31504
1576 , 31636
1577 , 31640
1578 , 31648
1579 , 31652
1580 , 31652
1581 , 31656
1582 , 31684
1583 , 31684
1584 , 31684
1585 , 31688
1586 , 31688
1587 , 31692
1588 , 31700
1589 , 31716
1590 , 31720
1591 , 31728
1592 , 31728
1593 , 31728
1594 , 31732
1595 , 31744
1596 , 31748
1597 , 31760
1598 , 31776
1599 , 31776
1600 , 31808
1601 , 31808
1602 , 31808
1603 , 31812
1604 , 31824
1605 , 31824
1606 , 31828
1607 , 31836
1608 , 31836
1609 , 31856
1610 , 31860
1611 , 31900
1612 , 31924
1613 , 31924
1614 , 31924
1615 , 31928
1616 , 31936
1617 , 31936
1618 , 31960
1619 , 31964
1620 , 31972
1621 , 31972
1622 , 31976
1623 , 32024
1624 , 32028
1625 , 32036
1626 , 32040
1627 , 32040
1628 , 32112
1629 , 32136
1630 , 32172
1631 , 32172
1632 , 32172
1633 , 32252
1634 , 32396
1635 , 32656
1636 , 32668
1637 , 33180
1638 , 33180
1639 , 33180
1640 , 33188
1641 , 33196
1642 , 33196
1643 , 33200
1644 , 33216
1645 , 33216
1646 , 33220
1647 , 33228
1648 , 33232
1649 , 33244
1650 , 33260
1651 , 33268
1652 , 33268
1653 , 33304
1654 , 33304
1655 , 33312
1656 , 33320
1657 , 33324
1658 , 33332
1659 , 33332
1660 , 33332
1661 , 33336
1662 , 33360
1663 , 33360
1664 , 33364
1665 , 33404
1666 , 33424
1667 , 33488
1668 , 33488
1669 , 33492
1670 , 33496
1671 , 33504
1672 , 33504
1673 , 33516
1674 , 33532
1675 , 33576
1676 , 33580
1677 , 33588
1678 , 33592
1679 , 33592
1680 , 33612
1681 , 33612
1682 , 33620
1683 , 33624
1684 , 33624
1685 , 33628
1686 , 33640
1687 , 33656
1688 , 33688
1689 , 33752
1690 , 33884
1691 , 33888
1692 , 33888
1693 , 33892
1694 , 33908
1695 , 33924
1696 , 33924
1697 , 33928
1698 , 33940
1699 , 33940
1700 , 33944
1701 , 33944
1702 , 33964
1703 , 33964
1704 , 33976
1705 , 33984
1706 , 33988
1707 , 34004
1708 , 34036
1709 , 34040
1710 , 34048
1711 , 34048
1712 , 34056
1713 , 34076
1714 , 34112
1715 , 34120
1716 , 34120
1717 , 34124
1718 , 34128
1719 , 34136
1720 , 34152
1721 , 34156
1722 , 34156
1723 , 34224
1724 , 34232
1725 , 34236
1726 , 34244
1727 , 34264
1728 , 34264
1729 , 34268
1730 , 34276
1731 , 34280
1732 , 34284
1733 , 34292
1734 , 34308
1735 , 34340
1736 , 34344
1737 , 34352
1738 , 34352
1739 , 34356
1740 , 34364
1741 , 34380
1742 , 34412
1743 , 34416
1744 , 34420
1745 , 34424
1746 , 34432
1747 , 34436
1748 , 34444
1749 , 34448
1750 , 34464
1751 , 34464
1752 , 34472
1753 , 34472
1754 , 34476
1755 , 34484
1756 , 34508
1757 , 34540
1758 , 34540
1759 , 34616
1760 , 34744
1761 , 34744
1762 , 34752
1763 , 34772
1764 , 34780
1765 , 34780
1766 , 34780
1767 , 34784
1768 , 34788
1769 , 34800
1770 , 35064
1771 , 35080
1772 , 35116
1773 , 35124
1774 , 35124
1775 , 35128
1776 , 35128
1777 , 35208
1778 , 35212
1779 , 35212
1780 , 35216
1781 , 35216
1782 , 35220
1783 , 35228
1784 , 35244
1785 , 35260
1786 , 35292
1787 , 35300
1788 , 35300
1789 , 35304
1790 , 35308
1791 , 35316
1792 , 35324
1793 , 35344
1794 , 35348
1795 , 35356
1796 , 35372
1797 , 35404
1798 , 35408
1799 , 35476
1800 , 35608
1801 , 35608
1802 , 35616
1803 , 35616
1804 , 35628
1805 , 35636
1806 , 35636
1807 , 35636
1808 , 35640
1809 , 35644
1810 , 35644
1811 , 35660
1812 , 35664
1813 , 35672
1814 , 35696
1815 , 35696
1816 , 35732
1817 , 35744
1818 , 35768
1819 , 35768
1820 , 35768
1821 , 35768
1822 , 35772
1823 , 35772
1824 , 35776
1825 , 35788
1826 , 35788
1827 , 35812
1828 , 35816
1829 , 35820
1830 , 35864
1831 , 35880
1832 , 35944
1833 , 35944
1834 , 35948
1835 , 35952
1836 , 35960
1837 , 35960
1838 , 35968
1839 , 35968
1840 , 35968
1841 , 35976
1842 , 35992
1843 , 35996
1844 , 36004
1845 , 36040
1846 , 36048
1847 , 36048
1848 , 36048
1849 , 36052
1850 , 36072
1851 , 36080
1852 , 36092
1853 , 36100
1854 , 36100
1855 , 36120
1856 , 36156
1857 , 36228
1858 , 36244
1859 , 36376
1860 , 36632
1861 , 36636
1862 , 37148
1863 , 37148
1864 , 37148
1865 , 37152
1866 , 37164
1867 , 37172
1868 , 37192
1869 , 37224
1870 , 37232
1871 , 37236
1872 , 37244
1873 , 37248
1874 , 37248
1875 , 37268
1876 , 37268
1877 , 37280
1878 , 37280
1879 , 37280
1880 , 37284
1881 , 37292
1882 , 37308
1883 , 37344
1884 , 37348
1885 , 37420
1886 , 37420
1887 , 37432
1888 , 37432
1889 , 37448
1890 , 37448
1891 , 37456
1892 , 37456
1893 , 37460
1894 , 37472
1895 , 37472
1896 , 37472
1897 , 37476
1898 , 37484
1899 , 37496
1900 , 37520
1901 , 37540
1902 , 37572
1903 , 37572
1904 , 37572
1905 , 37572
1906 , 37576
1907 , 37588
1908 , 37592
1909 , 37600
1910 , 37620
1911 , 37628
1912 , 37628
1913 , 37632
1914 , 37632
1915 , 37632
1916 , 37632
1917 , 37672
1918 , 37740
1919 , 37756
1920 , 37760
1921 , 37904
1922 , 37908
1923 , 37916
1924 , 37932
1925 , 37964
1926 , 37972
1927 , 37980
1928 , 37980
1929 , 37984
1930 , 37992
1931 , 38008
1932 , 38012
1933 , 38016
1934 , 38024
1935 , 38028
1936 , 38028
1937 , 38028
1938 , 38032
1939 , 38040
1940 , 38060
1941 , 38060
1942 , 38096
1943 , 38104
1944 , 38104
1945 , 38108
1946 , 38116
1947 , 38132
1948 , 38136
1949 , 38140
1950 , 38140
1951 , 38152
1952 , 38156
1953 , 38164
1954 , 38180
1955 , 38216
1956 , 38280
1957 , 38284
1958 , 38284
1959 , 38292
1960 , 38296
1961 , 38296
1962 , 38296
1963 , 38296
1964 , 38296
1965 , 38312
1966 , 38312
1967 , 38320
1968 , 38324
1969 , 38332
1970 , 38348
1971 , 38348
1972 , 38356
1973 , 38380
1974 , 38388
1975 , 38404
1976 , 38436
1977 , 38504
1978 , 38516
1979 , 38520
1980 , 38520
1981 , 38528
1982 , 38544
1983 , 38544
1984 , 38580
1985 , 38584
1986 , 38596
1987 , 38596
1988 , 38596
1989 , 38596
1990 , 38600
1991 , 38604
1992 , 38612
1993 , 38624
1994 , 38648
1995 , 38664
1996 , 38700
1997 , 38704
1998 , 38768
1999 , 38768
2000 , 38908
2001 , 39172
2002 , 39188
2003 , 39188
2004 , 39192
2005 , 39192
2006 , 39192
2007 , 39204
2008 , 39204
2009 , 39208
2010 , 39220
2011 , 39236
2012 , 39236
2013 , 39240
2014 , 39240
2015 , 39248
2016 , 39248
2017 , 39284
2018 , 39292
2019 , 39292
2020 , 39296
2021 , 39296
2022 , 39300
2023 , 39312
2024 , 39336
2025 , 39356
2026 , 39392
2027 , 39392
2028 , 39392
2029 , 39460
2030 , 39468
2031 , 39600
2032 , 39604
2033 , 39612
2034 , 39612
2035 , 39612
2036 , 39616
2037 , 39616
2038 , 39624
2039 , 39648
2040 , 39660
2041 , 39660
2042 , 39684
2043 , 39716
2044 , 39720
2045 , 39724
2046 , 39732
2047 , 39748
2048 , 39756
2049 , 39756
2050 , 39760
2051 , 39764
2052 , 39772
2053 , 39788
2054 , 39792
2055 , 39792
2056 , 39824
2057 , 39904
2058 , 39912
2059 , 39928
2060 , 39932
2061 , 39936
2062 , 39936
2063 , 39936
2064 , 39940
2065 , 39956
2066 , 39972
2067 , 40004
2068 , 40008
2069 , 40012
2070 , 40012
2071 , 40016
2072 , 40020
2073 , 40028
2074 , 40032
2075 , 40040
2076 , 40040
2077 , 40044
2078 , 40056
2079 , 40072
2080 , 40072
2081 , 40076
2082 , 40080
2083 , 40088
2084 , 40108
2085 , 40116
2086 , 40116
2087 , 40120
2088 , 40128
2089 , 40144
2090 , 40180
2091 , 40180
2092 , 40248
2093 , 40248
2094 , 40376
2095 , 40632
2096 , 41148
2097 , 42184
2098 , 42184
2099 , 42184
2100 , 42196
2101 , 44256
2102 , 48352
2103 , 48352
2104 , 48356
2105 , 48364
2106 , 48364
2107 , 48372
2108 , 48396
2109 , 48444
2110 , 48448
2111 , 48460
2112 , 48460
2113 , 48460
2114 , 48476
2115 , 48512
2116 , 48576
2117 , 48576
2118 , 48576
2119 , 48576
2120 , 48596
2121 , 48604
2122 , 48624
2123 , 48628
2124 , 48628
2125 , 48628
2126 , 48636
2127 , 48648
2128 , 48656
2129 , 48672
2130 , 48708
2131 , 48708
2132 , 48708
2133 , 48716
2134 , 48724
2135 , 48728
2136 , 48728
2137 , 48736
2138 , 48756
2139 , 48764
2140 , 48764
2141 , 48764
2142 , 48768
2143 , 48776
2144 , 48792
2145 , 48792
2146 , 48796
2147 , 48804
2148 , 48804
2149 , 48828
2150 , 48868
2151 , 48868
2152 , 48876
2153 , 48892
2154 , 48956
2155 , 49084
2156 , 49116
2157 , 49116
2158 , 49124
2159 , 49124
2160 , 49144
2161 , 49152
2162 , 49168
2163 , 49172
2164 , 49172
2165 , 49172
2166 , 49172
2167 , 49176
2168 , 49176
2169 , 49176
2170 , 49180
2171 , 49180
2172 , 49196
2173 , 49196
2174 , 49228
2175 , 49228
2176 , 49232
2177 , 49240
2178 , 49260
2179 , 49300
2180 , 49364
2181 , 49376
2182 , 49376
2183 , 49380
2184 , 49384
2185 , 49384
2186 , 49396
2187 , 49420
2188 , 49468
2189 , 49468
2190 , 49468
2191 , 49468
2192 , 49476
2193 , 49476
2194 , 49488
2195 , 49488
2196 , 49492
2197 , 49500
2198 , 49520
2199 , 49552
2200 , 49620
2201 , 49628
2202 , 49756
2203 , 50020
2204 , 50020
2205 , 50024
2206 , 50032
2207 , 50056
2208 , 50060
2209 , 50060
2210 , 50064
2211 , 50064
2212 , 50068
2213 , 50068
2214 , 50076
2215 , 50096
2216 , 50132
2217 , 50140
2218 , 50140
2219 , 50140
2220 , 50144
2221 , 50156
2222 , 50160
2223 , 50160
2224 , 50160
2225 , 50172
2226 , 50200
2227 , 50216
2228 , 50216
2229 , 50216
2230 , 50252
2231 , 50320
2232 , 50324
2233 , 50332
2234 , 50332
2235 , 50332
2236 , 50336
2237 , 50344
2238 , 50348
2239 , 50356
2240 , 50360
2241 , 50368
2242 , 50372
2243 , 50372
2244 , 50376
2245 , 50392
2246 , 50400
2247 , 50404
2248 , 50424
2249 , 50432
2250 , 50452
2251 , 50452
2252 , 50484
2253 , 50484
2254 , 50492
2255 , 50500
2256 , 50500
2257 , 50504
2258 , 50504
2259 , 50508
2260 , 50516
2261 , 50536
2262 , 50540
2263 , 50544
2264 , 50592
2265 , 50676
2266 , 50804
2267 , 50808
2268 , 50808
2269 , 50808
2270 , 50816
2271 , 50824
2272 , 50824
2273 , 50824
2274 , 50844
2275 , 50848
2276 , 50852
2277 , 50860
2278 , 50860
2279 , 50860
2280 , 50868
2281 , 50868
2282 , 50868
2283 , 50880
2284 , 50888
2285 , 50892
2286 , 50896
2287 , 50904
2288 , 50904
2289 , 50924
2290 , 50956
2291 , 50956
2292 , 50956
2293 , 50960
2294 , 50968
2295 , 50968
2296 , 50972
2297 , 50976
2298 , 50988
2299 , 51020
2300 , 51052
2301 , 51084
2302 , 51084
2303 , 51088
2304 , 51092
2305 , 51096
2306 , 51104
2307 , 51108
2308 , 51116
2309 , 51132
2310 , 51168
2311 , 51172
2312 , 51244
2313 , 51244
2314 , 51252
2315 , 51272
2316 , 51272
2317 , 51276
2318 , 51276
2319 , 51280
2320 , 51288
2321 , 51288
2322 , 51292
2323 , 51300
2324 , 51304
2325 , 51312
2326 , 51312
2327 , 51316
2328 , 51328
2329 , 51344
2330 , 51344
2331 , 51376
2332 , 51380
2333 , 51388
2334 , 51408
2335 , 51412
2336 , 51412
2337 , 51424
2338 , 51428
2339 , 51436
2340 , 51456
2341 , 51488
2342 , 51552
2343 , 51680
2344 , 51948
2345 , 52476
2346 , 53500
2347 , 53504
2348 , 53516
2349 , 53516
2350 , 53516
2351 , 53520
2352 , 53520
2353 , 53532
2354 , 53540
2355 , 53560
2356 , 53592
2357 , 53660
2358 , 53660
2359 , 53668
2360 , 53672
2361 , 53672
2362 , 53680
2363 , 53680
2364 , 53700
2365 , 53708
2366 , 53732
2367 , 53764
2368 , 53768
2369 , 53776
2370 , 53776
2371 , 53780
2372 , 53780
2373 , 53780
2374 , 53784
2375 , 53788
2376 , 53804
2377 , 53820
2378 , 53856
2379 , 53860
2380 , 53860
2381 , 53860
2382 , 53924
2383 , 53924
2384 , 54068
2385 , 54076
2386 , 54080
2387 , 54104
2388 , 54120
2389 , 54124
2390 , 54136
2391 , 54136
2392 , 54136
2393 , 54136
2394 , 54140
2395 , 54148
2396 , 54148
2397 , 54188
2398 , 54188
2399 , 54196
2400 , 54212
2401 , 54212
2402 , 54216
2403 , 54216
2404 , 54216
2405 , 54240
2406 , 54240
2407 , 54264
2408 , 54284
2409 , 54316
2410 , 54320
2411 , 54392
2412 , 54396
2413 , 54396
2414 , 54400
2415 , 54408
2416 , 54408
2417 , 54412
2418 , 54416
2419 , 54416
2420 , 54416
2421 , 54440
2422 , 54444
2423 , 54452
2424 , 54456
2425 , 54456
2426 , 54456
2427 , 54464
2428 , 54488
2429 , 54492
2430 , 54532
2431 , 54556
2432 , 54556
2433 , 54556
2434 , 54556
2435 , 54560
2436 , 54564
2437 , 54572
2438 , 54572
2439 , 54592
2440 , 54600
2441 , 54604
2442 , 54644
2443 , 54660
2444 , 54696
2445 , 54760
2446 , 54892
2447 , 54896
2448 , 55160
2449 , 55160
2450 , 55164
2451 , 55168
2452 , 55168
2453 , 55176
2454 , 55196
2455 , 55200
2456 , 55212
2457 , 55220
2458 , 55236
2459 , 55272
2460 , 55340
2461 , 55348
2462 , 55348
2463 , 55348
2464 , 55356
2465 , 55364
2466 , 55364
2467 , 55384
2468 , 55384
2469 , 55384
2470 , 55388
2471 , 55400
2472 , 55400
2473 , 55404
2474 , 55412
2475 , 55428
2476 , 55464
2477 , 55464
2478 , 55468
2479 , 55472
2480 , 55472
2481 , 55472
2482 , 55476
2483 , 55492
2484 , 55492
2485 , 55496
2486 , 55508
2487 , 55528
2488 , 55536
2489 , 55552
2490 , 55588
2491 , 55656
2492 , 55656
2493 , 55656
2494 , 55656
2495 , 55660
2496 , 55668
2497 , 55668
2498 , 55672
2499 , 55676
2500 , 55676
2501 , 55696
2502 , 55712
2503 , 55716
2504 , 55724
2505 , 55744
2506 , 55744
2507 , 55744
2508 , 55744
2509 , 55744
2510 , 55744
2511 , 55748
2512 , 55784
2513 , 55788
2514 , 55796
2515 , 55808
2516 , 55808
2517 , 55808
2518 , 55812
2519 , 55840
2520 , 55852
2521 , 55868
2522 , 55904
2523 , 55912
2524 , 55912
2525 , 55916
2526 , 55916
2527 , 55920
2528 , 55928
2529 , 55932
2530 , 55952
2531 , 55960
2532 , 55960
2533 , 55964
2534 , 55976
2535 , 56000
2536 , 56000
2537 , 56000
2538 , 56036
2539 , 56100
2540 , 56104
2541 , 56240
2542 , 56256
2543 , 56256
2544 , 56264
2545 , 56264
2546 , 56272
2547 , 56272
2548 , 56276
2549 , 56292
2550 , 56292
2551 , 56292
2552 , 56292
2553 , 56316
2554 , 56356
2555 , 56436
2556 , 56440
2557 , 56440
2558 , 56440
2559 , 56572
2560 , 56832
2561 , 57360
2562 , 57376
2563 , 57380
2564 , 57380
2565 , 57380
2566 , 57384
2567 , 57396
2568 , 57404
2569 , 57404
2570 , 57404
2571 , 57408
2572 , 57436
2573 , 57468
2574 , 57468
2575 , 57476
2576 , 57484
2577 , 57484
2578 , 57484
2579 , 57508
2580 , 57516
2581 , 57516
2582 , 57516
2583 , 57516
2584 , 57524
2585 , 57532
2586 , 57552
2587 , 57560
2588 , 57560
2589 , 57596
2590 , 57672
2591 , 57688
2592 , 57688
2593 , 57688
2594 , 57692
2595 , 57696
2596 , 57708
2597 , 57708
2598 , 57708
2599 , 57708
2600 , 57720
2601 , 57724
2602 , 57728
2603 , 57752
2604 , 57784
2605 , 57788
2606 , 57796
2607 , 57796
2608 , 57816
2609 , 57820
2610 , 57828
2611 , 57832
2612 , 57836
2613 , 57844
2614 , 57860
2615 , 57896
2616 , 57960
2617 , 57960
2618 , 58088
2619 , 58092
2620 , 58092
2621 , 58092
2622 , 58100
2623 , 58108
2624 , 58120
2625 , 58144
2626 , 58144
2627 , 58148
2628 , 58152
2629 , 58152
2630 , 58164
2631 , 58180
2632 , 58180
2633 , 58184
2634 , 58196
2635 , 58228
2636 , 58232
2637 , 58240
2638 , 58240
2639 , 58244
2640 , 58244
2641 , 58244
2642 , 58252
2643 , 58260
2644 , 58276
2645 , 58280
2646 , 58288
2647 , 58292
2648 , 58292
2649 , 58312
2650 , 58352
2651 , 58420
2652 , 58428
2653 , 58432
2654 , 58432
2655 , 58432
2656 , 58432
2657 , 58436
2658 , 58436
2659 , 58436
2660 , 58452
2661 , 58456
2662 , 58456
2663 , 58456
2664 , 58488
2665 , 58512
2666 , 58552
2667 , 58572
2668 , 58572
2669 , 58604
2670 , 58608
2671 , 58616
2672 , 58620
2673 , 58620
2674 , 58624
2675 , 58632
2676 , 58648
2677 , 58656
2678 , 58656
2679 , 58664
2680 , 58664
2681 , 58672
2682 , 58688
2683 , 58720
2684 , 58796
2685 , 58924
2686 , 58928
2687 , 58932
2688 , 59196
2689 , 59212
2690 , 59220
2691 , 59220
2692 , 59224
2693 , 59224
2694 , 59224
2695 , 59228
2696 , 59228
2697 , 59232
2698 , 59232
2699 , 59248
2700 , 59280
2701 , 59280
2702 , 59300
2703 , 59332
2704 , 59332
2705 , 59336
2706 , 59340
2707 , 59340
2708 , 59340
2709 , 59344
2710 , 59352
2711 , 59364
2712 , 59380
2713 , 59384
2714 , 59424
2715 , 59492
2716 , 59496
2717 , 59504
2718 , 59508
2719 , 59508
2720 , 59508
2721 , 59524
2722 , 59536
2723 , 59548
2724 , 59548
2725 , 59556
2726 , 59576
2727 , 59576
2728 , 59576
2729 , 59612
2730 , 59620
2731 , 59636
2732 , 59640
2733 , 59644
2734 , 59644
2735 , 59656
2736 , 59660
2737 , 59660
2738 , 59668
2739 , 59688
2740 , 59720
2741 , 59784
2742 , 59788
2743 , 59924
2744 , 59924
2745 , 59928
2746 , 59932
2747 , 59940
2748 , 59960
2749 , 59964
2750 , 59964
2751 , 59964
2752 , 59964
2753 , 59976
2754 , 59976
2755 , 59980
2756 , 59984
2757 , 59992
2758 , 60000
2759 , 60016
2760 , 60020
2761 , 60028
2762 , 60032
2763 , 60072
2764 , 60156
2765 , 60156
2766 , 60164
2767 , 60180
2768 , 60220
2769 , 60228
2770 , 60228
2771 , 60232
2772 , 60240
2773 , 60256
2774 , 60260
2775 , 60260
2776 , 60260
2777 , 60260
2778 , 60260
2779 , 60260
2780 , 60272
2781 , 60280
2782 , 60280
2783 , 60296
2784 , 60328
2785 , 60396
2786 , 60528
2787 , 60792
2788 , 61304
2789 , 61304
2790 , 61308
2791 , 62344
2792 , 62344
2793 , 62348
2794 , 64424
2795 , 64432
2796 , 64452
2797 , 64492
2798 , 64496
2799 , 64504
2800 , 64504
2801 , 64508
2802 , 64508
2803 , 64512
2804 , 64520
2805 , 64520
2806 , 64524
2807 , 64524
2808 , 64528
2809 , 64536
2810 , 64540
2811 , 64568
2812 , 64584
2813 , 64588
2814 , 64600
2815 , 64616
2816 , 64648
2817 , 64712
2818 , 64716
2819 , 64720
2820 , 64728
2821 , 64732
2822 , 64740
2823 , 64760
2824 , 64800
2825 , 64800
2826 , 64800
2827 , 64800
2828 , 64808
2829 , 64816
2830 , 64820
2831 , 64820
2832 , 64820
2833 , 64840
2834 , 64844
2835 , 64844
2836 , 64860
2837 , 64880
2838 , 64880
2839 , 64884
2840 , 64884
2841 , 64888
2842 , 64896
2843 , 64900
2844 , 64900
2845 , 64900
2846 , 64904
2847 , 64908
2848 , 64916
2849 , 64936
2850 , 64972
2851 , 65052
2852 , 65068
2853 , 65100
2854 , 65104
2855 , 65108
2856 , 65244
2857 , 65248
2858 , 65252
2859 , 65260
2860 , 65280
2861 , 65280
2862 , 65280
2863 , 65284
2864 , 65292
2865 , 65292
2866 , 65296
2867 , 65304
2868 , 65324
2869 , 65356
2870 , 65424
2871 , 65432
2872 , 65436
2873 , 65444
2874 , 65444
2875 , 65448
2876 , 65448
2877 , 65448
2878 , 65452
2879 , 65472
2880 , 65480
2881 , 65480
2882 , 65484
2883 , 65492
2884 , 65492
2885 , 65516
2886 , 65516
2887 , 65560
2888 , 65560
2889 , 65560
2890 , 65572
2891 , 65572
2892 , 65572
2893 , 65576
2894 , 65576
2895 , 65604
2896 , 65612
2897 , 65632
2898 , 65664
2899 , 65728
2900 , 65868
2901 , 65868
2902 , 65876
2903 , 65896
2904 , 65900
2905 , 65900
2906 , 65912
2907 , 65912
2908 , 65912
2909 , 65912
2910 , 65916
2911 , 65928
2912 , 65928
2913 , 65928
2914 , 65928
2915 , 65928
2916 , 65952
2917 , 66004
2918 , 66004
2919 , 66004
2920 , 66012
2921 , 66032
2922 , 66032
2923 , 66036
2924 , 66048
2925 , 66064
2926 , 66100
2927 , 66172
2928 , 66172
2929 , 66172
2930 , 66172
2931 , 66172
2932 , 66180
2933 , 66188
2934 , 66208
2935 , 66208
2936 , 66208
2937 , 66220
2938 , 66224
2939 , 66224
2940 , 66232
2941 , 66252
2942 , 66284
2943 , 66288
2944 , 66296
2945 , 66300
2946 , 66308
2947 , 66324
2948 , 66328
2949 , 66328
2950 , 66328
2951 , 66332
2952 , 66332
2953 , 66344
2954 , 66348
2955 , 66356
2956 , 66372
2957 , 66404
2958 , 66476
2959 , 66620
2960 , 66636
2961 , 66640
2962 , 66640
2963 , 66896
2964 , 66900
2965 , 66908
2966 , 66916
2967 , 66916
2968 , 66920
2969 , 66928
2970 , 66944
2971 , 66976
2972 , 66980
2973 , 66984
2974 , 66992
2975 , 66996
2976 , 66996
2977 , 67000
2978 , 67008
2979 , 67024
2980 , 67028
2981 , 67028
2982 , 67040
2983 , 67052
2984 , 67068
2985 , 67100
2986 , 67164
2987 , 67168
2988 , 67168
2989 , 67172
2990 , 67180
2991 , 67184
2992 , 67192
2993 , 67196
2994 , 67196
2995 , 67200
2996 , 67200
2997 , 67220
2998 , 67232
2999 , 67232
3000 , 67244
3001 , 67244
3002 , 67260
3003 , 67296
3004 , 67296
3005 , 67312
3006 , 67312
3007 , 67316
3008 , 67316
3009 , 67316
3010 , 67316
3011 , 67320
3012 , 67328
3013 , 67332
3014 , 67332
3015 , 67336
3016 , 67344
3017 , 67364
3018 , 67376
3019 , 67392
3020 , 67424
3021 , 67424
3022 , 67424
3023 , 67500
3024 , 67632
3025 , 67644
3026 , 67900
3027 , 67916
3028 , 67928
3029 , 67936
3030 , 67956
3031 , 67988
3032 , 67988
3033 , 67992
3034 , 68004
3035 , 68004
3036 , 68004
3037 , 68016
3038 , 68016
3039 , 68020
3040 , 68024
3041 , 68024
3042 , 68024
3043 , 68024
3044 , 68060
3045 , 68060
3046 , 68080
3047 , 68088
3048 , 68124
3049 , 68124
3050 , 68188
3051 , 68188
3052 , 68188
3053 , 68204
3054 , 68204
3055 , 68212
3056 , 68232
3057 , 68236
3058 , 68248
3059 , 68264
3060 , 68304
3061 , 68308
3062 , 68308
3063 , 68308
3064 , 68312
3065 , 68312
3066 , 68316
3067 , 68324
3068 , 68344
3069 , 68352
3070 , 68352
3071 , 68356
3072 , 68360
3073 , 68360
3074 , 68372
3075 , 68376
3076 , 68392
3077 , 68432
3078 , 68432
3079 , 68500
3080 , 68500
3081 , 68636
3082 , 68644
3083 , 68648
3084 , 68648
3085 , 68648
3086 , 68648
3087 , 68652
3088 , 68652
3089 , 68656
3090 , 68684
3091 , 68692
3092 , 68696
3093 , 68712
3094 , 68744
3095 , 68748
3096 , 68748
3097 , 68752
3098 , 68760
3099 , 68760
3100 , 68764
3101 , 68768
3102 , 68780
3103 , 68780
3104 , 68780
3105 , 68784
3106 , 68792
3107 , 68812
3108 , 68816
3109 , 68824
3110 , 68844
3111 , 68888
3112 , 68896
3113 , 68896
3114 , 68900
3115 , 68900
3116 , 68904
3117 , 68904
3118 , 68908
3119 , 68912
3120 , 69000
3121 , 69008
3122 , 69024
3123 , 69060
3124 , 69068
3125 , 69068
3126 , 69072
3127 , 69076
3128 , 69076
3129 , 69080
3130 , 69088
3131 , 69096
3132 , 69112
3133 , 69116
3134 , 69124
3135 , 69144
3136 , 69176
3137 , 69244
3138 , 69380
3139 , 69640
3140 , 70152
3141 , 70156
3142 , 70160
3143 , 70160
3144 , 70168
3145 , 70184
3146 , 70188
3147 , 70192
3148 , 70200
3149 , 70204
3150 , 70212
3151 , 70216
3152 , 70216
3153 , 70216
3154 , 70232
3155 , 70268
3156 , 70272
3157 , 70280
3158 , 70284
3159 , 70300
3160 , 70316
3161 , 70320
3162 , 70320
3163 , 70320
3164 , 70324
3165 , 70332
3166 , 70352
3167 , 70356
3168 , 70364
3169 , 70368
3170 , 70372
3171 , 70380
3172 , 70396
3173 , 70432
3174 , 70500
3175 , 70508
3176 , 70512
3177 , 70512
3178 , 70512
3179 , 70516
3180 , 70528
3181 , 70544
3182 , 70576
3183 , 70580
3184 , 70580
3185 , 70580
3186 , 70592
3187 , 70596
3188 , 70596
3189 , 70604
3190 , 70608
3191 , 70628
3192 , 70636
3193 , 70636
3194 , 70640
3195 , 70640
3196 , 70648
3197 , 70656
3198 , 70672
3199 , 70708
3200 , 70716
3201 , 70720
3202 , 70720
3203 , 70724
3204 , 70728
3205 , 70736
3206 , 70752
3207 , 70756
3208 , 70768
3209 , 70768
3210 , 70772
3211 , 70780
3212 , 70796
3213 , 70828
3214 , 70900
3215 , 71036
3216 , 71036
3217 , 71036
3218 , 71040
3219 , 71040
3220 , 71044
3221 , 71044
3222 , 71044
3223 , 71048
3224 , 71060
3225 , 71084
3226 , 71084
3227 , 71092
3228 , 71096
3229 , 71096
3230 , 71096
3231 , 71100
3232 , 71112
3233 , 71112
3234 , 71112
3235 , 71140
3236 , 71176
3237 , 71256
3238 , 71260
3239 , 71260
3240 , 71272
3241 , 71280
3242 , 71284
3243 , 71292
3244 , 71308
3245 , 71344
3246 , 71344
3247 , 71348
3248 , 71360
3249 , 71376
3250 , 71376
3251 , 71376
3252 , 71376
3253 , 71388
3254 , 71396
3255 , 71400
3256 , 71416
3257 , 71420
3258 , 71432
3259 , 71432
3260 , 71432
3261 , 71432
3262 , 71436
3263 , 71436
3264 , 71440
3265 , 71452
3266 , 71468
3267 , 71500
3268 , 71504
3269 , 71504
3270 , 71508
3271 , 71584
3272 , 71724
3273 , 71996
3274 , 72544
3275 , 72552
3276 , 72552
3277 , 72552
3278 , 72552
3279 , 72564
3280 , 72564
3281 , 72572
3282 , 72572
3283 , 72576
3284 , 72604
3285 , 72620
3286 , 72620
3287 , 72620
3288 , 72656
3289 , 72732
3290 , 72736
3291 , 72744
3292 , 72744
3293 , 72748
3294 , 72748
3295 , 72748
3296 , 72776
3297 , 72776
3298 , 72776
3299 , 72776
3300 , 72780
3301 , 72792
3302 , 72812
3303 , 72820
3304 , 72856
3305 , 72864
3306 , 72884
3307 , 72888
3308 , 72888
3309 , 72896
3310 , 72900
3311 , 72900
3312 , 72904
3313 , 72912
3314 , 72928
3315 , 72960
3316 , 72964
3317 , 73040
3318 , 73172
3319 , 73172
3320 , 73176
3321 , 73184
3322 , 73184
3323 , 73200
3324 , 73200
3325 , 73212
3326 , 73212
3327 , 73216
3328 , 73216
3329 , 73228
3330 , 73248
3331 , 73288
3332 , 73292
3333 , 73292
3334 , 73292
3335 , 73300
3336 , 73308
3337 , 73324
3338 , 73328
3339 , 73328
3340 , 73332
3341 , 73336
3342 , 73344
3343 , 73352
3344 , 73356
3345 , 73376
3346 , 73384
3347 , 73388
3348 , 73388
3349 , 73388
3350 , 73396
3351 , 73416
3352 , 73416
3353 , 73420
3354 , 73452
3355 , 73524
3356 , 73528
3357 , 73536
3358 , 73552
3359 , 73584
3360 , 73588
3361 , 73596
3362 , 73604
3363 , 73612
3364 , 73628
3365 , 73632
3366 , 73632
3367 , 73636
3368 , 73644
3369 , 73644
3370 , 73648
3371 , 73664
3372 , 73680
3373 , 73684
3374 , 73716
3375 , 73716
3376 , 73720
3377 , 73732
3378 , 73748
3379 , 73752
3380 , 73752
3381 , 73752
3382 , 73752
3383 , 73756
3384 , 73764
3385 , 73768
3386 , 73776
3387 , 73792
3388 , 73792
3389 , 73828
3390 , 73896
3391 , 73896
3392 , 74032
3393 , 74292
3394 , 74304
3395 , 74308
3396 , 74308
3397 , 74328
3398 , 74328
3399 , 74328
3400 , 74332
3401 , 74344
3402 , 74352
3403 , 74368
3404 , 74404
3405 , 74404
3406 , 74408
3407 , 74412
3408 , 74428
3409 , 74444
3410 , 74448
3411 , 74452
3412 , 74452
3413 , 74460
3414 , 74524
3415 , 74524
3416 , 74532
3417 , 74540
3418 , 74544
3419 , 74552
3420 , 74568
3421 , 74568
3422 , 74572
3423 , 74580
3424 , 74584
3425 , 74592
3426 , 74612
3427 , 74644
3428 , 74652
3429 , 74656
3430 , 74664
3431 , 74664
3432 , 74664
3433 , 74680
3434 , 74684
3435 , 74692
3436 , 74692
3437 , 74704
3438 , 74704
3439 , 74720
3440 , 74756
3441 , 74832
3442 , 74960
3443 , 74964
3444 , 74972
3445 , 74988
3446 , 74992
3447 , 75004
3448 , 75004
3449 , 75024
3450 , 75024
3451 , 75056
3452 , 75068
3453 , 75068
3454 , 75068
3455 , 75080
3456 , 75084
3457 , 75084
3458 , 75084
3459 , 75092
3460 , 75112
3461 , 75120
3462 , 75120
3463 , 75124
3464 , 75140
3465 , 75180
3466 , 75188
3467 , 75252
3468 , 75256
3469 , 75268
3470 , 75284
3471 , 75284
3472 , 75288
3473 , 75292
3474 , 75300
3475 , 75300
3476 , 75300
3477 , 75304
3478 , 75304
3479 , 75308
3480 , 75320
3481 , 75336
3482 , 75336
3483 , 75368
3484 , 75380
3485 , 75384
3486 , 75392
3487 , 75396
3488 , 75396
3489 , 75424
3490 , 75428
3491 , 75436
3492 , 75436
3493 , 75436
3494 , 75452
3495 , 75488
3496 , 75560
3497 , 75688
3498 , 75948
3499 , 75956
3500 , 76488
3501 , 77512
3502 , 77512
3503 , 77512
3504 , 77512
3505 , 77516
3506 , 77524
3507 , 77528
3508 , 77528
3509 , 77532
3510 , 77532
3511 , 77544
3512 , 77572
3513 , 77576
3514 , 77608
3515 , 77616
3516 , 77632
3517 , 77636
3518 , 77636
3519 , 77640
3520 , 77652
3521 , 77664
3522 , 77672
3523 , 77688
3524 , 77720
3525 , 77788
3526 , 77792
3527 , 77800
3528 , 77816
3529 , 77852
3530 , 77852
3531 , 77852
3532 , 77856
3533 , 77868
3534 , 77876
3535 , 77884
3536 , 77900
3537 , 77904
3538 , 77912
3539 , 77912
3540 , 77916
3541 , 77916
3542 , 77920
3543 , 77924
3544 , 77932
3545 , 77956
3546 , 77956
3547 , 78004
3548 , 78008
3549 , 78012
3550 , 78020
3551 , 78020
3552 , 78024
3553 , 78028
3554 , 78040
3555 , 78056
3556 , 78088
3557 , 78156
3558 , 78296
3559 , 78296
3560 , 78296
3561 , 78300
3562 , 78300
3563 , 78304
3564 , 78308
3565 , 78316
3566 , 78316
3567 , 78332
3568 , 78336
3569 , 78348
3570 , 78356
3571 , 78360
3572 , 78360
3573 , 78360
3574 , 78376
3575 , 78380
3576 , 78420
3577 , 78424
3578 , 78428
3579 , 78440
3580 , 78440
3581 , 78460
3582 , 78468
3583 , 78468
3584 , 78472
3585 , 78488
3586 , 78504
3587 , 78536
3588 , 78600
3589 , 78600
3590 , 78608
3591 , 78616
3592 , 78632
3593 , 78632
3594 , 78636
3595 , 78648
3596 , 78656
3597 , 78676
3598 , 78708
3599 , 78708
3600 , 78776
3601 , 78788
3602 , 78916
3603 , 78916
3604 , 78920
3605 , 78928
3606 , 78932
3607 , 78932
3608 , 78952
3609 , 78952
3610 , 78956
3611 , 78956
3612 , 78968
3613 , 78976
3614 , 78992
3615 , 79032
3616 , 79040
3617 , 79040
3618 , 79044
3619 , 79048
3620 , 79048
3621 , 79048
3622 , 79056
3623 , 79060
3624 , 79064
3625 , 79064
3626 , 79084
3627 , 79084
3628 , 79084
3629 , 79092
3630 , 79108
3631 , 79124
3632 , 79160
3633 , 79224
3634 , 79228
3635 , 79232
3636 , 79240
3637 , 79248
3638 , 79264
3639 , 79272
3640 , 79272
3641 , 79280
3642 , 79280
3643 , 79288
3644 , 79288
3645 , 79296
3646 , 79316
3647 , 79316
3648 , 79320
3649 , 79352
3650 , 79364
3651 , 79368
3652 , 79368
3653 , 79368
3654 , 79368
3655 , 79368
3656 , 79372
3657 , 79380
3658 , 79388
3659 , 79400
3660 , 79416
3661 , 79420
3662 , 79428
3663 , 79444
3664 , 79476
3665 , 79540
3666 , 79676
3667 , 79944
3668 , 79952
3669 , 79968
3670 , 79968
3671 , 79968
3672 , 79972
3673 , 79980
3674 , 79980
3675 , 79980
3676 , 79980
3677 , 79988
3678 , 79996
3679 , 79996
3680 , 80016
3681 , 80024
3682 , 80060
3683 , 80072
3684 , 80072
3685 , 80076
3686 , 80080
3687 , 80080
3688 , 80088
3689 , 80108
3690 , 80108
3691 , 80112
3692 , 80124
3693 , 80132
3694 , 80132
3695 , 80152
3696 , 80184
3697 , 80184
3698 , 80188
3699 , 80256
3700 , 80260
3701 , 80268
3702 , 80272
3703 , 80280
3704 , 80296
3705 , 80308
3706 , 80324
3707 , 80360
3708 , 80368
3709 , 80368
3710 , 80368
3711 , 80372
3712 , 80384
3713 , 80400
3714 , 80404
3715 , 80404
3716 , 80404
3717 , 80408
3718 , 80420
3719 , 80428
3720 , 80444
3721 , 80476
3722 , 80480
3723 , 80544
3724 , 80684
3725 , 80940
3726 , 80940
3727 , 80944
3728 , 80952
3729 , 80968
3730 , 80972
3731 , 80972
3732 , 81488
3733 , 82512
3734 , 84568
3735 , 88664
3736 , 96864
3737 , 96876
3738 , 96884
3739 , 96904
3740 , 96904
3741 , 96940
3742 , 96948
3743 , 96964
3744 , 96968
3745 , 96972
3746 , 96980
3747 , 96984
3748 , 96992
3749 , 96992
3750 , 97012
3751 , 97016
3752 , 97024
3753 , 97024
3754 , 97028
3755 , 97028
3756 , 97032
3757 , 97040
3758 , 97060
3759 , 97092
3760 , 97096
3761 , 97168
3762 , 97168
3763 , 97172
3764 , 97180
3765 , 97196
3766 , 97200
3767 , 97236
3768 , 97240
3769 , 97248
3770 , 97248
3771 , 97252
3772 , 97260
3773 , 97280
3774 , 97280
3775 , 97280
3776 , 97280
3777 , 97288
3778 , 97288
3779 , 97300
3780 , 97312
3781 , 97312
3782 , 97312
3783 , 97316
3784 , 97316
3785 , 97320
3786 , 97336
3787 , 97352
3788 , 97384
3789 , 97452
3790 , 97584
3791 , 97592
3792 , 97596
3793 , 97604
3794 , 97620
3795 , 97620
3796 , 97620
3797 , 97640
3798 , 97676
3799 , 97676
3800 , 97676
3801 , 97680
3802 , 97680
3803 , 97684
3804 , 97696
3805 , 97704
3806 , 97708
3807 , 97708
3808 , 97720
3809 , 97728
3810 , 97744
3811 , 97764
3812 , 97764
3813 , 97768
3814 , 97768
3815 , 97776
3816 , 97784
3817 , 97792
3818 , 97808
3819 , 97844
3820 , 97848
3821 , 97912
3822 , 97912
3823 , 97916
3824 , 97920
3825 , 97928
3826 , 97928
3827 , 97928
3828 , 97932
3829 , 97940
3830 , 97956
3831 , 98004
3832 , 98004
3833 , 98012
3834 , 98032
3835 , 98036
3836 , 98040
3837 , 98048
3838 , 98052
3839 , 98060
3840 , 98076
3841 , 98108
3842 , 98172
3843 , 98304
3844 , 98560
3845 , 98568
3846 , 98576
3847 , 98580
3848 , 98588
3849 , 98604
3850 , 98604
3851 , 98608
3852 , 98608
3853 , 98608
3854 , 98612
3855 , 98612
3856 , 98616
3857 , 98632
3858 , 98648
3859 , 98664
3860 , 98700
3861 , 98700
3862 , 98704
3863 , 98712
3864 , 98716
3865 , 98720
3866 , 98728
3867 , 98732
3868 , 98732
3869 , 98748
3870 , 98752
3871 , 98760
3872 , 98776
3873 , 98780
3874 , 98812
3875 , 98812
3876 , 98812
3877 , 98884
3878 , 98888
3879 , 98896
3880 , 98900
3881 , 98908
3882 , 98908
3883 , 98932
3884 , 98940
3885 , 98944
3886 , 98944
3887 , 98948
3888 , 98956
3889 , 98956
3890 , 98960
3891 , 98960
3892 , 98964
3893 , 98964
3894 , 98964
3895 , 98976
3896 , 98980
3897 , 98984
3898 , 98984
3899 , 99016
3900 , 99020
3901 , 99020
3902 , 99020
3903 , 99020
3904 , 99020
3905 , 99024
3906 , 99080
3907 , 99080
3908 , 99088
3909 , 99096
3910 , 99112
3911 , 99120
3912 , 99168
3913 , 99168
3914 , 99248
3915 , 99252
3916 , 99260
3917 , 99276
3918 , 99276
3919 , 99312
3920 , 99440
3921 , 99444
3922 , 99444
3923 , 99448
3924 , 99448
3925 , 99460
3926 , 99468
3927 , 99468
3928 , 99476
3929 , 99492
3930 , 99508
3931 , 99512
3932 , 99512
3933 , 99532
3934 , 99564
3935 , 99564
3936 , 99572
3937 , 99580
3938 , 99584
3939 , 99592
3940 , 99596
3941 , 99596
3942 , 99668
3943 , 99668
3944 , 99688
3945 , 99692
3946 , 99696
3947 , 99696
3948 , 99700
3949 , 99708
3950 , 99708
3951 , 99736
3952 , 99736
3953 , 99740
3954 , 99740
3955 , 99744
3956 , 99752
3957 , 99772
3958 , 99808
3959 , 99808
3960 , 99816
3961 , 99816
3962 , 99820
3963 , 99828
3964 , 99832
3965 , 99832
3966 , 99832
3967 , 99836
3968 , 99836
3969 , 99836
3970 , 99868
3971 , 99876
3972 , 99892
3973 , 99928
3974 , 100000
3975 , 100128
3976 , 100132
3977 , 100400
3978 , 100928
3979 , 100940
3980 , 100940
3981 , 100940
3982 , 100940
3983 , 100944
3984 , 100952
3985 , 100952
3986 , 100976
3987 , 101016
3988 , 101020
3989 , 101020
3990 , 101024
3991 , 101032
3992 , 101036
3993 , 101044
3994 , 101060
3995 , 101064
3996 , 101064
3997 , 101068
3998 , 101068
3999 , 101080
4000 , 101100
4001 , 101140
4002 , 101204
4003 , 101212
4004 , 101212
4005 , 101212
4006 , 101216
4007 , 101224
4008 , 101228
4009 , 101228
4010 , 101248
4011 , 101260
4012 , 101276
4013 , 101276
4014 , 101280
4015 , 101280
4016 , 101284
4017 , 101324
4018 , 101328
4019 , 101328
4020 , 101340
4021 , 101340
4022 , 101340
4023 , 101344
4024 , 101360
4025 , 101364
4026 , 101376
4027 , 101380
4028 , 101388
4029 , 101388
4030 , 101404
4031 , 101436
4032 , 101500
4033 , 101516
4034 , 101648
4035 , 101656
4036 , 101676
4037 , 101708
4038 , 101716
4039 , 101720
4040 , 101724
4041 , 101724
4042 , 101724
4043 , 101736
4044 , 101740
4045 , 101764
4046 , 101764
4047 , 101768
4048 , 101772
4049 , 101780
4050 , 101800
4051 , 101832
4052 , 101896
4053 , 101900
4054 , 101908
4055 , 101908
4056 , 101912
4057 , 101920
4058 , 101940
4059 , 101940
4060 , 101944
4061 , 101944
4062 , 101948
4063 , 101960
4064 , 101968
4065 , 101972
4066 , 101988
4067 , 102020
4068 , 102020
4069 , 102020
4070 , 102028
4071 , 102044
4072 , 102064
4073 , 102064
4074 , 102064
4075 , 102076
4076 , 102076
4077 , 102084
4078 , 102100
4079 , 102100
4080 , 102132
4081 , 102200
4082 , 102200
4083 , 102216
4084 , 102216
4085 , 102216
4086 , 102220
4087 , 102224
4088 , 102232
4089 , 102232
4090 , 102232
4091 , 102240
4092 , 102392
4093 , 102648
4094 , 102656
4095 , 102668
4096 , 102684
4097 , 102724
4098 , 102724
4099 , 102724
4100 , 102724
4101 , 102728
4102 , 102732
4103 , 102732
4104 , 102736
4105 , 102740
4106 , 102740
4107 , 102744
4108 , 102760
4109 , 102776
4110 , 102780
4111 , 102788
4112 , 102804
4113 , 102808
4114 , 102812
4115 , 102820
4116 , 102836
4117 , 102844
4118 , 102876
4119 , 102876
4120 , 102952
4121 , 102960
4122 , 102976
4123 , 103012
4124 , 103012
4125 , 103012
4126 , 103020
4127 , 103028
4128 , 103036
4129 , 103052
4130 , 103052
4131 , 103056
4132 , 103064
4133 , 103064
4134 , 103072
4135 , 103080
4136 , 103100
4137 , 103132
4138 , 103140
4139 , 103140
4140 , 103144
4141 , 103144
4142 , 103148
4143 , 103148
4144 , 103156
4145 , 103160
4146 , 103160
4147 , 103160
4148 , 103160
4149 , 103164
4150 , 103176
4151 , 103180
4152 , 103184
4153 , 103192
4154 , 103196
4155 , 103244
4156 , 103248
4157 , 103296
4158 , 103296
4159 , 103300
4160 , 103364
4161 , 103364
4162 , 103368
4163 , 103368
4164 , 103372
4165 , 103384
4166 , 103384
4167 , 103384
4168 , 103392
4169 , 103412
4170 , 103420
4171 , 103424
4172 , 103460
4173 , 103460
4174 , 103464
4175 , 103472
4176 , 103536
4177 , 103668
4178 , 103688
4179 , 103704
4180 , 103720
4181 , 103720
4182 , 103756
4183 , 103756
4184 , 103756
4185 , 103756
4186 , 103768
4187 , 103772
4188 , 103784
4189 , 103800
4190 , 103804
4191 , 103804
4192 , 103816
4193 , 103824
4194 , 103824
4195 , 103828
4196 , 103840
4197 , 103856
4198 , 103860
4199 , 103900
4200 , 103900
4201 , 103904
4202 , 103920
4203 , 103920
4204 , 103920
4205 , 103924
4206 , 103936
4207 , 103940
4208 , 103948
4209 , 103964
4210 , 104000
4211 , 104076
4212 , 104204
4213 , 104460
4214 , 104972
4215 , 106000
4216 , 106008
4217 , 106012
4218 , 106012
4219 , 106016
4220 , 106020
4221 , 106036
4222 , 106068
4223 , 106068
4224 , 106104
4225 , 106176
4226 , 106180
4227 , 106180
4228 , 106180
4229 , 106180
4230 , 106184
4231 , 106196
4232 , 106216
4233 , 106224
4234 , 106228
4235 , 106228
4236 , 106228
4237 , 106232
4238 , 106244
4239 , 106260
4240 , 106296
4241 , 106296
4242 , 106296
4243 , 106300
4244 , 106300
4245 , 106312
4246 , 106312
4247 , 106316
4248 , 106324
4249 , 106328
4250 , 106332
4251 , 106364
4252 , 106380
4253 , 106380
4254 , 106380
4255 , 106380
4256 , 106388
4257 , 106404
4258 , 106420
4259 , 106456
4260 , 106520
4261 , 106648
4262 , 106656
4263 , 106664
4264 , 106672
4265 , 106688
4266 , 106720
4267 , 106724
4268 , 106736
4269 , 106736
4270 , 106740
4271 , 106748
4272 , 106764
4273 , 106768
4274 , 106768
4275 , 106772
4276 , 106772
4277 , 106772
4278 , 106784
4279 , 106796
4280 , 106796
4281 , 106796
4282 , 106796
4283 , 106800
4284 , 106816
4285 , 106852
4286 , 106864
4287 , 106876
4288 , 106876
4289 , 106876
4290 , 106880
4291 , 106888
4292 , 106904
4293 , 106908
4294 , 106912
4295 , 106916
4296 , 106916
4297 , 106920
4298 , 106928
4299 , 106944
4300 , 106976
4301 , 106976
4302 , 106980
4303 , 107056
4304 , 107056
4305 , 107060
4306 , 107072
4307 , 107072
4308 , 107080
4309 , 107084
4310 , 107084
4311 , 107104
4312 , 107104
4313 , 107116
4314 , 107144
4315 , 107144
4316 , 107148
4317 , 107156
4318 , 107172
4319 , 107208
4320 , 107208
4321 , 107208
4322 , 107216
4323 , 107224
4324 , 107224
4325 , 107224
4326 , 107228
4327 , 107228
4328 , 107232
4329 , 107240
4330 , 107244
4331 , 107252
4332 , 107272
4333 , 107308
4334 , 107308
4335 , 107308
4336 , 107308
4337 , 107384
4338 , 107412
4339 , 107540
4340 , 107552
4341 , 107552
4342 , 107552
4343 , 107812
4344 , 107824
4345 , 107840
4346 , 107872
4347 , 107944
4348 , 107964
4349 , 107964
4350 , 107968
4351 , 107968
4352 , 107968
4353 , 107972
4354 , 107984
4355 , 107992
4356 , 108012
4357 , 108044
4358 , 108044
4359 , 108044
4360 , 108044
4361 , 108056
4362 , 108068
4363 , 108068
4364 , 108072
4365 , 108072
4366 , 108088
4367 , 108092
4368 , 108100
4369 , 108100
4370 , 108112
4371 , 108120
4372 , 108120
4373 , 108144
4374 , 108176
4375 , 108240
4376 , 108240
4377 , 108244
4378 , 108252
4379 , 108256
4380 , 108264
4381 , 108264
4382 , 108268
4383 , 108272
4384 , 108272
4385 , 108300
4386 , 108324
4387 , 108324
4388 , 108360
4389 , 108372
4390 , 108388
4391 , 108388
4392 , 108392
4393 , 108392
4394 , 108400
4395 , 108404
4396 , 108408
4397 , 108408
4398 , 108416
4399 , 108436
4400 , 108472
4401 , 108480
4402 , 108484
4403 , 108552
4404 , 108560
4405 , 108688
4406 , 108688
4407 , 108704
4408 , 108704
4409 , 108708
4410 , 108708
4411 , 108720
4412 , 108724
4413 , 108732
4414 , 108736
4415 , 108760
4416 , 108796
4417 , 108796
4418 , 108796
4419 , 108796
4420 , 108808
4421 , 108824
4422 , 108828
4423 , 108832
4424 , 108836
4425 , 108852
4426 , 108868
4427 , 108876
4428 , 108876
4429 , 108912
4430 , 108976
4431 , 108980
4432 , 108980
4433 , 108980
4434 , 108992
4435 , 109008
4436 , 109012
4437 , 109020
4438 , 109024
4439 , 109036
4440 , 109052
4441 , 109084
4442 , 109088
4443 , 109088
4444 , 109096
4445 , 109100
4446 , 109104
4447 , 109104
4448 , 109104
4449 , 109108
4450 , 109108
4451 , 109120
4452 , 109124
4453 , 109156
4454 , 109172
4455 , 109332
4456 , 109592
4457 , 109596
4458 , 110172
4459 , 110176
4460 , 110184
4461 , 110184
4462 , 110188
4463 , 110196
4464 , 110200
4465 , 110200
4466 , 110204
4467 , 110204
4468 , 110208
4469 , 110208
4470 , 110224
4471 , 110244
4472 , 110244
4473 , 110256
4474 , 110256
4475 , 110276
4476 , 110276
4477 , 110312
4478 , 110316
4479 , 110324
4480 , 110324
4481 , 110324
4482 , 110336
4483 , 110340
4484 , 110356
4485 , 110356
4486 , 110356
4487 , 110368
4488 , 110368
4489 , 110368
4490 , 110396
4491 , 110432
4492 , 110512
4493 , 110512
4494 , 110512
4495 , 110512
4496 , 110512
4497 , 110512
4498 , 110516
4499 , 110516
4500 , 110520
4501 , 110528
4502 , 110532
4503 , 110692
4504 , 110708
4505 , 110744
4506 , 110748
4507 , 110756
4508 , 110764
4509 , 110764
4510 , 110768
4511 , 110788
4512 , 110796
4513 , 110800
4514 , 110816
4515 , 110820
4516 , 110828
4517 , 110832
4518 , 110836
4519 , 110844
4520 , 110860
4521 , 110896
4522 , 110960
4523 , 110960
4524 , 110964
4525 , 110972
4526 , 110976
4527 , 110984
4528 , 110984
4529 , 110984
4530 , 110988
4531 , 110992
4532 , 110996
4533 , 111028
4534 , 111028
4535 , 111032
4536 , 111032
4537 , 111048
4538 , 111048
4539 , 111080
4540 , 111096
4541 , 111104
4542 , 111120
4543 , 111124
4544 , 111136
4545 , 111136
4546 , 111168
4547 , 111168
4548 , 111168
4549 , 111172
4550 , 111184
4551 , 111184
4552 , 111204
4553 , 111212
4554 , 111216
4555 , 111224
4556 , 111244
4557 , 111276
4558 , 111344
4559 , 111480
4560 , 111736
4561 , 111740
4562 , 111744
4563 , 111744
4564 , 111744
4565 , 111748
4566 , 111760
4567 , 111760
4568 , 111768
4569 , 111788
4570 , 111800
4571 , 111800
4572 , 111816
4573 , 111820
4574 , 111820
4575 , 111820
4576 , 111824
4577 , 111868
4578 , 111880
4579 , 111896
4580 , 111896
4581 , 111900
4582 , 111900
4583 , 111900
4584 , 111904
4585 , 111912
4586 , 111924
4587 , 111940
4588 , 111976
4589 , 111988
4590 , 112052
4591 , 112052
4592 , 112056
4593 , 112056
4594 , 112056
4595 , 112068
4596 , 112088
4597 , 112100
4598 , 112108
4599 , 112124
4600 , 112160
4601 , 112160
4602 , 112160
4603 , 112164
4604 , 112168
4605 , 112176
4606 , 112176
4607 , 112180
4608 , 112188
4609 , 112188
4610 , 112188
4611 , 112208
4612 , 112220
4613 , 112220
4614 , 112224
4615 , 112232
4616 , 112248
4617 , 112280
4618 , 112348
4619 , 112360
4620 , 112488
4621 , 112492
4622 , 112492
4623 , 112496
4624 , 112496
4625 , 112500
4626 , 112508
4627 , 112524
4628 , 112528
4629 , 112540
4630 , 112540
4631 , 112540
4632 , 112544
4633 , 112548
4634 , 112564
4635 , 112584
4636 , 112584
4637 , 112584
4638 , 112584
4639 , 112584
4640 , 112592
4641 , 112596
4642 , 112604
4643 , 112604
4644 , 112612
4645 , 112636
4646 , 112668
4647 , 112744
4648 , 112760
4649 , 112792
4650 , 112796
4651 , 112800
4652 , 112800
4653 , 112804
4654 , 112812
4655 , 112812
4656 , 112820
4657 , 112820
4658 , 112820
4659 , 112824
4660 , 112836
4661 , 112860
4662 , 112864
4663 , 112872
4664 , 112892
4665 , 112924
4666 , 112988
4667 , 113120
4668 , 113376
4669 , 113892
4670 , 113892
4671 , 113892
4672 , 114932
4673 , 116992
4674 , 117016
4675 , 117032
4676 , 117032
4677 , 117032
4678 , 117072
4679 , 117080
4680 , 117084
4681 , 117084
4682 , 117088
4683 , 117096
4684 , 117112
4685 , 117116
4686 , 117120
4687 , 117128
4688 , 117128
4689 , 117132
4690 , 117136
4691 , 117144
4692 , 117160
4693 , 117192
4694 , 117196
4695 , 117272
4696 , 117272
4697 , 117280
4698 , 117296
4699 , 117300
4700 , 117300
4701 , 117300
4702 , 117300
4703 , 117316
4704 , 117316
4705 , 117320
4706 , 117336
4707 , 117352
4708 , 117352
4709 , 117384
4710 , 117384
4711 , 117388
4712 , 117388
4713 , 117392
4714 , 117400
4715 , 117428
4716 , 117436
4717 , 117436
4718 , 117456
4719 , 117488
4720 , 117556
4721 , 117556
4722 , 117688
4723 , 117696
4724 , 117700
4725 , 117712
4726 , 117712
4727 , 117716
4728 , 117724
4729 , 117728
4730 , 117728
4731 , 117728
4732 , 117752
4733 , 117760
4734 , 117768
4735 , 117784
4736 , 117788
4737 , 117788
4738 , 117820
4739 , 117824
4740 , 117824
4741 , 117828
4742 , 117840
4743 , 117840
4744 , 117840
4745 , 117852
4746 , 117852
4747 , 117852
4748 , 117880
4749 , 117884
4750 , 117892
4751 , 117912
4752 , 117944
4753 , 117944
4754 , 117944
4755 , 118016
4756 , 118024
4757 , 118032
4758 , 118032
4759 , 118052
4760 , 118052
4761 , 118056
4762 , 118064
4763 , 118080
4764 , 118084
4765 , 118092
4766 , 118092
4767 , 118124
4768 , 118124
4769 , 118140
4770 , 118156
4771 , 118160
4772 , 118168
4773 , 118172
4774 , 118172
4775 , 118176
4776 , 118184
4777 , 118200
4778 , 118236
4779 , 118300
4780 , 118304
4781 , 118312
4782 , 118316
4783 , 118320
4784 , 118336
4785 , 118336
4786 , 118352
4787 , 118356
4788 , 118360
4789 , 118360
4790 , 118364
4791 , 118372
4792 , 118388
4793 , 118392
4794 , 118400
4795 , 118400
4796 , 118404
4797 , 118408
4798 , 118416
4799 , 118432
4800 , 118436
4801 , 118472
4802 , 118480
4803 , 118484
4804 , 118492
4805 , 118508
4806 , 118544
4807 , 118552
4808 , 118556
4809 , 118564
4810 , 118580
4811 , 118584
4812 , 118588
4813 , 118596
4814 , 118600
4815 , 118600
4816 , 118600
4817 , 118604
4818 , 118608
4819 , 118616
4820 , 118632
4821 , 118636
4822 , 118668
4823 , 118744
4824 , 118876
4825 , 118884
4826 , 118884
4827 , 118904
4828 , 118904
4829 , 118904
4830 , 119164
4831 , 119172
4832 , 119172
4833 , 119176
4834 , 119188
4835 , 119204
4836 , 119236
4837 , 119304
4838 , 119444
4839 , 119444
4840 , 119444
4841 , 119448
4842 , 119452
4843 , 119460
4844 , 119476
4845 , 119476
4846 , 119480
4847 , 119492
4848 , 119492
4849 , 119504
4850 , 119508
4851 , 119524
4852 , 119556
4853 , 119560
4854 , 119572
4855 , 119580
4856 , 119596
4857 , 119596
4858 , 119596
4859 , 119600
4860 , 119604
4861 , 119604
4862 , 119616
4863 , 119620
4864 , 119628
4865 , 119644
4866 , 119644
4867 , 119644
4868 , 119648
4869 , 119648
4870 , 119656
4871 , 119672
4872 , 119680
4873 , 119696
4874 , 119728
4875 , 119796
4876 , 119804
4877 , 119804
4878 , 119824
4879 , 119856
4880 , 119856
4881 , 119868
4882 , 119868
4883 , 119868
4884 , 119880
4885 , 119896
4886 , 119900
4887 , 119904
4888 , 119904
4889 , 119916
4890 , 119924
4891 , 119940
4892 , 119976
4893 , 120048
4894 , 120180
4895 , 120436
4896 , 120440
4897 , 120960
4898 , 120976
4899 , 120980
4900 , 120980
4901 , 120992
4902 , 120992
4903 , 120996
4904 , 121000
4905 , 121000
4906 , 121004
4907 , 121012
4908 , 121016
4909 , 121040
4910 , 121040
4911 , 121040
4912 , 121044
4913 , 121076
4914 , 121080
4915 , 121088
4916 , 121088
4917 , 121092
4918 , 121096
4919 , 121100
4920 , 121100
4921 , 121116
4922 , 121116
4923 , 121116
4924 , 121120
4925 , 121128
4926 , 121132
4927 , 121176
4928 , 121192
4929 , 121196
4930 , 121208
4931 , 121208
4932 , 121240
4933 , 121240
4934 , 121248
4935 , 121312
4936 , 121332
4937 , 121332
4938 , 121344
4939 , 121348
4940 , 121364
4941 , 121380
4942 , 121380
4943 , 121384
4944 , 121416
4945 , 121420
4946 , 121424
4947 , 121432
4948 , 121452
4949 , 121460
4950 , 121492
4951 , 121492
4952 , 121492
4953 , 121496
4954 , 121496
4955 , 121500
4956 , 121568
4957 , 121576
4958 , 121580
4959 , 121724
4960 , 121728
4961 , 121732
4962 , 121748
4963 , 121752
4964 , 121752
4965 , 121756
4966 , 121772
4967 , 121772
4968 , 121776
4969 , 121812
4970 , 121820
4971 , 121824
4972 , 121832
4973 , 121836
4974 , 121840
4975 , 121864
4976 , 121868
4977 , 121868
4978 , 121872
4979 , 121880
4980 , 121896
4981 , 121900
4982 , 121904
4983 , 121944
4984 , 121944
4985 , 121948
4986 , 121952
4987 , 121960
4988 , 121976
4989 , 121980
4990 , 121980
4991 , 121984
4992 , 121992
4993 , 121992
4994 , 121992
4995 , 121996
4996 , 122004
4997 , 122008
4998 , 122096
4999 , 122128
5000 , 122128
5001 , 122132
5002 , 122136
5003 , 122144
5004 , 122144
5005 , 122144
5006 , 122148
5007 , 122156
5008 , 122160
5009 , 122164
5010 , 122164
5011 , 122168
5012 , 122208
5013 , 122224
5014 , 122228
5015 , 122280
5016 , 122352
5017 , 122480
5018 , 122484
5019 , 122740
5020 , 122748
5021 , 122764
5022 , 122796
5023 , 122800
5024 , 122812
5025 , 122812
5026 , 122816
5027 , 122816
5028 , 122820
5029 , 122828
5030 , 122844
5031 , 122844
5032 , 122848
5033 , 122852
5034 , 122864
5035 , 122872
5036 , 122892
5037 , 122924
5038 , 122924
5039 , 122928
5040 , 122940
5041 , 122948
5042 , 122952
5043 , 122968
5044 , 122968
5045 , 122968
5046 , 122968
5047 , 122972
5048 , 122984
5049 , 122992
5050 , 122992
5051 , 122992
5052 , 122996
5053 , 123000
5054 , 123008
5055 , 123028
5056 , 123060
5057 , 123124
5058 , 123132
5059 , 123136
5060 , 123160
5061 , 123168
5062 , 123168
5063 , 123172
5064 , 123176
5065 , 123176
5066 , 123184
5067 , 123188
5068 , 123196
5069 , 123216
5070 , 123248
5071 , 123312
5072 , 123316
5073 , 123444
5074 , 123456
5075 , 123456
5076 , 123476
5077 , 123488
5078 , 123496
5079 , 123512
5080 , 123512
5081 , 123548
5082 , 123556
5083 , 123564
5084 , 123580
5085 , 123580
5086 , 123584
5087 , 123584
5088 , 123588
5089 , 123596
5090 , 123600
5091 , 123608
5092 , 123612
5093 , 123620
5094 , 123636
5095 , 123668
5096 , 123676
5097 , 123684
5098 , 123700
5099 , 123704
5100 , 123704
5101 , 123708
5102 , 123716
5103 , 123716
5104 , 123720
5105 , 123732
5106 , 123748
5107 , 123780
5108 , 123848
5109 , 123860
5110 , 123860
5111 , 123860
5112 , 123864
5113 , 123876
5114 , 123876
5115 , 123876
5116 , 123880
5117 , 123892
5118 , 123916
5119 , 123932
5120 , 123968
5121 , 124032
5122 , 124032
5123 , 124036
5124 , 124044
5125 , 124044
5126 , 124048
5127 , 124056
5128 , 124076
5129 , 124076
5130 , 124080
5131 , 124084
5132 , 124092
5133 , 124096
5134 , 124104
5135 , 124104
5136 , 124124
5137 , 124124
5138 , 124156
5139 , 124164
5140 , 124168
5141 , 124176
5142 , 124176
5143 , 124180
5144 , 124200
5145 , 124200
5146 , 124204
5147 , 124212
5148 , 124216
5149 , 124216
5150 , 124220
5151 , 124228
5152 , 124248
5153 , 124252
5154 , 124292
5155 , 124356
5156 , 124488
5157 , 124492
5158 , 124500
5159 , 124504
5160 , 124520
5161 , 124524
5162 , 124524
5163 , 124524
5164 , 124528
5165 , 124536
5166 , 124540
5167 , 124540
5168 , 124544
5169 , 124548
5170 , 124556
5171 , 124556
5172 , 124568
5173 , 124568
5174 , 124596
5175 , 124632
5176 , 124632
5177 , 124632
5178 , 124636
5179 , 124644
5180 , 124648
5181 , 124672
5182 , 124688
5183 , 124688
5184 , 124724
5185 , 124796
5186 , 124928
5187 , 125184
5188 , 125696
5189 , 125700
5190 , 126736
5191 , 126752
5192 , 126756
5193 , 126764
5194 , 126768
5195 , 126772
5196 , 126780
5197 , 126780
5198 , 126784
5199 , 126784
5200 , 126804
5201 , 126812
5202 , 126816
5203 , 126816
5204 , 126820
5205 , 126824
5206 , 126832
5207 , 126832
5208 , 126856
5209 , 126860
5210 , 126860
5211 , 126864
5212 , 126896
5213 , 126904
5214 , 126924
5215 , 126924
5216 , 126960
5217 , 126972
5218 , 126972
5219 , 127052
5220 , 127052
5221 , 127068
5222 , 127068
5223 , 127072
5224 , 127080
5225 , 127100
5226 , 127100
5227 , 127104
5228 , 127112
5229 , 127120
5230 , 127140
5231 , 127172
5232 , 127172
5233 , 127176
5234 , 127184
5235 , 127188
5236 , 127196
5237 , 127212
5238 , 127216
5239 , 127216
5240 , 127216
5241 , 127220
5242 , 127220
5243 , 127232
5244 , 127244
5245 , 127260
5246 , 127264
5247 , 127296
5248 , 127364
5249 , 127372
5250 , 127372
5251 , 127504
5252 , 127516
5253 , 127516
5254 , 127520
5255 , 127544
5256 , 127804
5257 , 127804
5258 , 127808
5259 , 127808
5260 , 127808
5261 , 127812
5262 , 127820
5263 , 127820
5264 , 127824
5265 , 127836
5266 , 127864
5267 , 127880
5268 , 127912
5269 , 127944
5270 , 127948
5271 , 127948
5272 , 127952
5273 , 127964
5274 , 127964
5275 , 127968
5276 , 127980
5277 , 127988
5278 , 128004
5279 , 128004
5280 , 128004
5281 , 128004
5282 , 128008
5283 , 128020
5284 , 128040
5285 , 128072
5286 , 128072
5287 , 128148
5288 , 128148
5289 , 128156
5290 , 128172
5291 , 128176
5292 , 128184
5293 , 128192
5294 , 128200
5295 , 128216
5296 , 128220
5297 , 128224
5298 , 128232
5299 , 128232
5300 , 128232
5301 , 128236
5302 , 128244
5303 , 128260
5304 , 128264
5305 , 128268
5306 , 128276
5307 , 128308
5308 , 128376
5309 , 128384
5310 , 128404
5311 , 128436
5312 , 128436
5313 , 128436
5314 , 128436
5315 , 128440
5316 , 128448
5317 , 128452
5318 , 128464
5319 , 128476
5320 , 128492
5321 , 128492
5322 , 128492
5323 , 128496
5324 , 128508
5325 , 128508
5326 , 128508
5327 , 128512
5328 , 128524
5329 , 128524
5330 , 128540
5331 , 128576
5332 , 128584
5333 , 128652
5334 , 128664
5335 , 128680
5336 , 128816
5337 , 128832
5338 , 128832
5339 , 128836
5340 , 128836
5341 , 128840
5342 , 128876
5343 , 128884
5344 , 128884
5345 , 128892
5346 , 128900
5347 , 128904
5348 , 128920
5349 , 128924
5350 , 128932
5351 , 128932
5352 , 128936
5353 , 128948
5354 , 128964
5355 , 128996
5356 , 129064
5357 , 129200
5358 , 129204
5359 , 129204
5360 , 129204
5361 , 129216
5362 , 129216
5363 , 129220
5364 , 129236
5365 , 129236
5366 , 129236
5367 , 129248
5368 , 129248
5369 , 129512
5370 , 129512
5371 , 129512
5372 , 130048
5373 , 130088
5374 , 130092
5375 , 130100
5376 , 130104
5377 , 130108
5378 , 130116
5379 , 130120
5380 , 130120
5381 , 130140
5382 , 130148
5383 , 130168
5384 , 130168
5385 , 130172
5386 , 130172
5387 , 130180
5388 , 130184
5389 , 130188
5390 , 130196
5391 , 130212
5392 , 130216
5393 , 130248
5394 , 130256
5395 , 130264
5396 , 130264
5397 , 130268
5398 , 130276
5399 , 130356
5400 , 130360
5401 , 130372
5402 , 130372
5403 , 130372
5404 , 130372
5405 , 130384
5406 , 130388
5407 , 130404
5408 , 130404
5409 , 130408
5410 , 130408
5411 , 130412
5412 , 130452
5413 , 130464
5414 , 130468
5415 , 130476
5416 , 130492
5417 , 130496
5418 , 130528
5419 , 130532
5420 , 130544
5421 , 130544
5422 , 130548
5423 , 130556
5424 , 130572
5425 , 130576
5426 , 130576
5427 , 130580
5428 , 130580
5429 , 130580
5430 , 130592
5431 , 130620
5432 , 130652
5433 , 130716
5434 , 130720
5435 , 130728
5436 , 130748
5437 , 130752
5438 , 130752
5439 , 130752
5440 , 130760
5441 , 130760
5442 , 130764
5443 , 130772
5444 , 130792
5445 , 130792
5446 , 130832
5447 , 130904
5448 , 130908
5449 , 130916
5450 , 130932
5451 , 130932
5452 , 130936
5453 , 130948
5454 , 130948
5455 , 130952
5456 , 130960
5457 , 130980
5458 , 130980
5459 , 130980
5460 , 130988
5461 , 131020
5462 , 131024
5463 , 131024
5464 , 131024
5465 , 131028
5466 , 131036
5467 , 131040
5468 , 131052
5469 , 131076
5470 , 131092
5471 , 131128
5472 , 131128
5473 , 131128
5474 , 131128
5475 , 131140
5476 , 131152
5477 , 131168
5478 , 131168
5479 , 131168
5480 , 131172
5481 , 131176
5482 , 131184
5483 , 131188
5484 , 131200
5485 , 131216
5486 , 131248
5487 , 131252
5488 , 131316
5489 , 131452
5490 , 131464
5491 , 131488
5492 , 131488
5493 , 131488
5494 , 131488
5495 , 131488
5496 , 131496
5497 , 131504
5498 , 131508
5499 , 131524
5500 , 131560
5501 , 131560
5502 , 131560
5503 , 131572
5504 , 131576
5505 , 131576
5506 , 131580
5507 , 131588
5508 , 131592
5509 , 131592
5510 , 131620
5511 , 131624
5512 , 131632
5513 , 131648
5514 , 131648
5515 , 131684
5516 , 131756
5517 , 131888
5518 , 131888
5519 , 131892
5520 , 131904
5521 , 131920
5522 , 131928
5523 , 131932
5524 , 131932
5525 , 131932
5526 , 131936
5527 , 131936
5528 , 131940
5529 , 131940
5530 , 131948
5531 , 131956
5532 , 131976
5533 , 131976
5534 , 131980
5535 , 132016
5536 , 132024
5537 , 132028
5538 , 132100
5539 , 132104
5540 , 132104
5541 , 132104
5542 , 132256
5543 , 132532
5544 , 132536
5545 , 132568
5546 , 132584
5547 , 132584
5548 , 132600
5549 , 132608
5550 , 132608
5551 , 132616
5552 , 132620
5553 , 132620
5554 , 132624
5555 , 132632
5556 , 132636
5557 , 132644
5558 , 132660
5559 , 132660
5560 , 132668
5561 , 132676
5562 , 132692
5563 , 132696
5564 , 132728
5565 , 132732
5566 , 132732
5567 , 132736
5568 , 132744
5569 , 132744
5570 , 132744
5571 , 132748
5572 , 132756
5573 , 132760
5574 , 132764
5575 , 132776
5576 , 132776
5577 , 132800
5578 , 132820
5579 , 132852
5580 , 132852
5581 , 132924
5582 , 132932
5583 , 132932
5584 , 132936
5585 , 132944
5586 , 132960
5587 , 132992
5588 , 133060
5589 , 133064
5590 , 133064
5591 , 133068
5592 , 133068
5593 , 133080
5594 , 133088
5595 , 133236
5596 , 133236
5597 , 133236
5598 , 133496
5599 , 133504
5600 , 134016
5601 , 135048
5602 , 137104
5603 , 137104
5604 , 137108
5605 , 141208
5606 , 141216
5607 , 141232
5608 , 141236
5609 , 141240
5610 , 141280
5611 , 141296
5612 , 141296
5613 , 141308
5614 , 141316
5615 , 141316
5616 , 141332
5617 , 141332
5618 , 141340
5619 , 141380
5620 , 141380
5621 , 141452
5622 , 141460
5623 , 141468
5624 , 141484
5625 , 141484
5626 , 141492
5627 , 141492
5628 , 141492
5629 , 141504
5630 , 141520
5631 , 141556
5632 , 141564
5633 , 141568
5634 , 141572
5635 , 141580
5636 , 141584
5637 , 141584
5638 , 141584
5639 , 141588
5640 , 141588
5641 , 141604
5642 , 141612
5643 , 141628
5644 , 141648
5645 , 141680
5646 , 141744
5647 , 141872
5648 , 141876
5649 , 141876
5650 , 141884
5651 , 141884
5652 , 141888
5653 , 141892
5654 , 141904
5655 , 141916
5656 , 141932
5657 , 141932
5658 , 141932
5659 , 141936
5660 , 141940
5661 , 141948
5662 , 141952
5663 , 141976
5664 , 142008
5665 , 142012
5666 , 142012
5667 , 142012
5668 , 142012
5669 , 142016
5670 , 142020
5671 , 142028
5672 , 142032
5673 , 142040
5674 , 142060
5675 , 142072
5676 , 142088
5677 , 142088
5678 , 142124
5679 , 142188
5680 , 142192
5681 , 142200
5682 , 142204
5683 , 142212
5684 , 142228
5685 , 142228
5686 , 142240
5687 , 142244
5688 , 142244
5689 , 142244
5690 , 142244
5691 , 142256
5692 , 142264
5693 , 142280
5694 , 142320
5695 , 142328
5696 , 142328
5697 , 142336
5698 , 142336
5699 , 142340
5700 , 142360
5701 , 142368
5702 , 142372
5703 , 142376
5704 , 142384
5705 , 142400
5706 , 142404
5707 , 142412
5708 , 142428
5709 , 142464
5710 , 142532
5711 , 142540
5712 , 142668
5713 , 142668
5714 , 142928
5715 , 142932
5716 , 142940
5717 , 142960
5718 , 142992
5719 , 142996
5720 , 143000
5721 , 143008
5722 , 143008
5723 , 143012
5724 , 143020
5725 , 143020
5726 , 143036
5727 , 143040
5728 , 143052
5729 , 143060
5730 , 143076
5731 , 143112
5732 , 143112
5733 , 143112
5734 , 143188
5735 , 143188
5736 , 143192
5737 , 143196
5738 , 143204
5739 , 143220
5740 , 143224
5741 , 143236
5742 , 143236
5743 , 143236
5744 , 143244
5745 , 143244
5746 , 143244
5747 , 143264
5748 , 143268
5749 , 143272
5750 , 143280
5751 , 143312
5752 , 143312
5753 , 143316
5754 , 143328
5755 , 143352
5756 , 143356
5757 , 143364
5758 , 143364
5759 , 143384
5760 , 143420
5761 , 143484
5762 , 143488
5763 , 143488
5764 , 143488
5765 , 143628
5766 , 143628
5767 , 143632
5768 , 143640
5769 , 143656
5770 , 143664
5771 , 143664
5772 , 143664
5773 , 143676
5774 , 143684
5775 , 143704
5776 , 143736
5777 , 143736
5778 , 143740
5779 , 143744
5780 , 143756
5781 , 143756
5782 , 143756
5783 , 143756
5784 , 143768
5785 , 143772
5786 , 143772
5787 , 143780
5788 , 143780
5789 , 143780
5790 , 143808
5791 , 143824
5792 , 143860
5793 , 143928
5794 , 143932
5795 , 143940
5796 , 143940
5797 , 143940
5798 , 143940
5799 , 143944
5800 , 143952
5801 , 143964
5802 , 143992
5803 , 144008
5804 , 144012
5805 , 144012
5806 , 144052
5807 , 144056
5808 , 144056
5809 , 144060
5810 , 144068
5811 , 144088
5812 , 144088
5813 , 144092
5814 , 144104
5815 , 144104
5816 , 144108
5817 , 144116
5818 , 144132
5819 , 144168
5820 , 144236
5821 , 144372
5822 , 144628
5823 , 145144
5824 , 145148
5825 , 145156
5826 , 145172
5827 , 145176
5828 , 145176
5829 , 145180
5830 , 145184
5831 , 145192
5832 , 145196
5833 , 145204
5834 , 145204
5835 , 145224
5836 , 145224
5837 , 145228
5838 , 145232
5839 , 145232
5840 , 145232
5841 , 145276
5842 , 145284
5843 , 145300
5844 , 145304
5845 , 145304
5846 , 145312
5847 , 145320
5848 , 145324
5849 , 145332
5850 , 145332
5851 , 145336
5852 , 145340
5853 , 145348
5854 , 145364
5855 , 145364
5856 , 145368
5857 , 145368
5858 , 145372
5859 , 145372
5860 , 145384
5861 , 145412
5862 , 145412
5863 , 145420
5864 , 145420
5865 , 145424
5866 , 145424
5867 , 145428
5868 , 145440
5869 , 145456
5870 , 145488
5871 , 145492
5872 , 145504
5873 , 145520
5874 , 145552
5875 , 145620
5876 , 145628
5877 , 145628
5878 , 145628
5879 , 145632
5880 , 145632
5881 , 145636
5882 , 145644
5883 , 145664
5884 , 145664
5885 , 145664
5886 , 145676
5887 , 145680
5888 , 145688
5889 , 145692
5890 , 145708
5891 , 145708
5892 , 145740
5893 , 145752
5894 , 145764
5895 , 145780
5896 , 145788
5897 , 145820
5898 , 145824
5899 , 145836
5900 , 145852
5901 , 145852
5902 , 145856
5903 , 145864
5904 , 145864
5905 , 145868
5906 , 145876
5907 , 145896
5908 , 145928
5909 , 145996
5910 , 146008
5911 , 146008
5912 , 146008
5913 , 146008
5914 , 146140
5915 , 146148
5916 , 146168
5917 , 146168
5918 , 146172
5919 , 146184
5920 , 146192
5921 , 146212
5922 , 146244
5923 , 146244
5924 , 146308
5925 , 146308
5926 , 146316
5927 , 146324
5928 , 146324
5929 , 146328
5930 , 146328
5931 , 146332
5932 , 146344
5933 , 146360
5934 , 146364
5935 , 146364
5936 , 146364
5937 , 146376
5938 , 146380
5939 , 146388
5940 , 146404
5941 , 146412
5942 , 146452
5943 , 146516
5944 , 146520
5945 , 146528
5946 , 146544
5947 , 146548
5948 , 146556
5949 , 146556
5950 , 146556
5951 , 146560
5952 , 146564
5953 , 146576
5954 , 146592
5955 , 146632
5956 , 146636
5957 , 146644
5958 , 146660
5959 , 146664
5960 , 146668
5961 , 146676
5962 , 146680
5963 , 146680
5964 , 146688
5965 , 146708
5966 , 146740
5967 , 146804
5968 , 146808
5969 , 146944
5970 , 147200
5971 , 147204
5972 , 147216
5973 , 147216
5974 , 147224
5975 , 147224
5976 , 147228
5977 , 147244
5978 , 147244
5979 , 147244
5980 , 147248
5981 , 147260
5982 , 147276
5983 , 147280
5984 , 147312
5985 , 147312
5986 , 147324
5987 , 147324
5988 , 147336
5989 , 147336
5990 , 147360
5991 , 147368
5992 , 147368
5993 , 147372
5994 , 147384
5995 , 147384
5996 , 147392
5997 , 147408
5998 , 147444
5999 , 147444
6000 , 147444
6001 , 147448
6002 , 147456
6003 , 147456
6004 , 147460
6005 , 147472
6006 , 147488
6007 , 147500
6008 , 147516
6009 , 147552
6010 , 147624
6011 , 147752
6012 , 147756
6013 , 147756
6014 , 147756
6015 , 147760
6016 , 147760
6017 , 147772
6018 , 147800
6019 , 147800
6020 , 147800
6021 , 147804
6022 , 147812
6023 , 147812
6024 , 147816
6025 , 147824
6026 , 147844
6027 , 147848
6028 , 147888
6029 , 147904
6030 , 147908
6031 , 147912
6032 , 147912
6033 , 147920
6034 , 147924
6035 , 147924
6036 , 147924
6037 , 147928
6038 , 147932
6039 , 147932
6040 , 147940
6041 , 147960
6042 , 147964
6043 , 147976
6044 , 147984
6045 , 148000
6046 , 148036
6047 , 148036
6048 , 148036
6049 , 148036
6050 , 148040
6051 , 148040
6052 , 148060
6053 , 148064
6054 , 148064
6055 , 148072
6056 , 148092
6057 , 148188
6058 , 148188
6059 , 148192
6060 , 148200
6061 , 148220
6062 , 148220
6063 , 148232
6064 , 148236
6065 , 148244
6066 , 148260
6067 , 148296
6068 , 148296
6069 , 148364
6070 , 148500
6071 , 148756
6072 , 148760
6073 , 149276
6074 , 150308
6075 , 150312
6076 , 150316
6077 , 150316
6078 , 150316
6079 , 150320
6080 , 150328
6081 , 150344
6082 , 150348
6083 , 150352
6084 , 150364
6085 , 150372
6086 , 150376
6087 , 150376
6088 , 150392
6089 , 150392
6090 , 150392
6091 , 150392
6092 , 150392
6093 , 150392
6094 , 150408
6095 , 150420
6096 , 150436
6097 , 150440
6098 , 150452
6099 , 150484
6100 , 150548
6101 , 150552
6102 , 150552
6103 , 150564
6104 , 150572
6105 , 150592
6106 , 150624
6107 , 150636
6108 , 150652
6109 , 150652
6110 , 150652
6111 , 150660
6112 , 150660
6113 , 150664
6114 , 150668
6115 , 150668
6116 , 150668
6117 , 150680
6118 , 150688
6119 , 150688
6120 , 150692
6121 , 150720
6122 , 150728
6123 , 150748
6124 , 150796
6125 , 150836
6126 , 150900
6127 , 151028
6128 , 151028
6129 , 151032
6130 , 151044
6131 , 151044
6132 , 151044
6133 , 151044
6134 , 151048
6135 , 151052
6136 , 151080
6137 , 151088
6138 , 151108
6139 , 151148
6140 , 151148
6141 , 151148
6142 , 151148
6143 , 151152
6144 , 151152
6145 , 151156
6146 , 151164
6147 , 151168
6148 , 151180
6149 , 151204
6150 , 151220
6151 , 151256
6152 , 151328
6153 , 151328
6154 , 151332
6155 , 151332
6156 , 151332
6157 , 151332
6158 , 151344
6159 , 151352
6160 , 151368
6161 , 151372
6162 , 151372
6163 , 151372
6164 , 151376
6165 , 151384
6166 , 151384
6167 , 151400
6168 , 151436
6169 , 151444
6170 , 151448
6171 , 151452
6172 , 151460
6173 , 151464
6174 , 151472
6175 , 151488
6176 , 151496
6177 , 151496
6178 , 151500
6179 , 151508
6180 , 151508
6181 , 151520
6182 , 151536
6183 , 151540
6184 , 151580
6185 , 151596
6186 , 151600
6187 , 151664
6188 , 151800
6189 , 152072
6190 , 152088
6191 , 152088
6192 , 152088
6193 , 152092
6194 , 152092
6195 , 152136
6196 , 152136
6197 , 152140
6198 , 152148
6199 , 152168
6200 , 152168
6201 , 152176
6202 , 152176
6203 , 152180
6204 , 152184
6205 , 152192
6206 , 152208
6207 , 152244
6208 , 152312
6209 , 152312
6210 , 152312
6211 , 152316
6212 , 152324
6213 , 152324
6214 , 152332
6215 , 152348
6216 , 152364
6217 , 152368
6218 , 152368
6219 , 152372
6220 , 152380
6221 , 152384
6222 , 152392
6223 , 152408
6224 , 152440
6225 , 152444
6226 , 152456
6227 , 152536
6228 , 152536
6229 , 152540
6230 , 152548
6231 , 152548
6232 , 152552
6233 , 152564
6234 , 152580
6235 , 152616
6236 , 152624
6237 , 152624
6238 , 152624
6239 , 152628
6240 , 152628
6241 , 152636
6242 , 152636
6243 , 152644
6244 , 152664
6245 , 152668
6246 , 152668
6247 , 152668
6248 , 152672
6249 , 152684
6250 , 152684
6251 , 152692
6252 , 152712
6253 , 152744
6254 , 152816
6255 , 152948
6256 , 152948
6257 , 152948
6258 , 152960
6259 , 152976
6260 , 152976
6261 , 152980
6262 , 152988
6263 , 152996
6264 , 153004
6265 , 153008
6266 , 153016
6267 , 153032
6268 , 153032
6269 , 153040
6270 , 153080
6271 , 153096
6272 , 153100
6273 , 153100
6274 , 153100
6275 , 153100
6276 , 153104
6277 , 153104
6278 , 153108
6279 , 153116
6280 , 153120
6281 , 153128
6282 , 153128
6283 , 153144
6284 , 153188
6285 , 153256
6286 , 153256
6287 , 153264
6288 , 153268
6289 , 153268
6290 , 153420
6291 , 153428
6292 , 153684
6293 , 154200
6294 , 154200
6295 , 154212
6296 , 154220
6297 , 154240
6298 , 154272
6299 , 154272
6300 , 154272
6301 , 154284
6302 , 154288
6303 , 154288
6304 , 154296
6305 , 154312
6306 , 154316
6307 , 154328
6308 , 154328
6309 , 154348
6310 , 154356
6311 , 154360
6312 , 154360
6313 , 154360
6314 , 154372
6315 , 154372
6316 , 154376
6317 , 154384
6318 , 154400
6319 , 154432
6320 , 154504
6321 , 154504
6322 , 154512
6323 , 154532
6324 , 154540
6325 , 154544
6326 , 154552
6327 , 154552
6328 , 154568
6329 , 154608
6330 , 154616
6331 , 154616
6332 , 154616
6333 , 154624
6334 , 154624
6335 , 154628
6336 , 154636
6337 , 154656
6338 , 154656
6339 , 154656
6340 , 154660
6341 , 154668
6342 , 154676
6343 , 154692
6344 , 154696
6345 , 154700
6346 , 154700
6347 , 154700
6348 , 154700
6349 , 154732
6350 , 154736
6351 , 154812
6352 , 154812
6353 , 154952
6354 , 154960
6355 , 154980
6356 , 154984
6357 , 154984
6358 , 154988
6359 , 155024
6360 , 155032
6361 , 155032
6362 , 155032
6363 , 155032
6364 , 155036
6365 , 155048
6366 , 155052
6367 , 155052
6368 , 155056
6369 , 155064
6370 , 155064
6371 , 155068
6372 , 155076
6373 , 155096
6374 , 155096
6375 , 155108
6376 , 155144
6377 , 155180
6378 , 155252
6379 , 155252
6380 , 155252
6381 , 155256
6382 , 155256
6383 , 155260
6384 , 155260
6385 , 155264
6386 , 155284
6387 , 155300
6388 , 155300
6389 , 155340
6390 , 155344
6391 , 155348
6392 , 155356
6393 , 155372
6394 , 155372
6395 , 155376
6396 , 155380
6397 , 155388
6398 , 155388
6399 , 155392
6400 , 155400
6401 , 155404
6402 , 155404
6403 , 155408
6404 , 155420
6405 , 155428
6406 , 155444
6407 , 155444
6408 , 155460
6409 , 155492
6410 , 155560
6411 , 155700
6412 , 155716
6413 , 155716
6414 , 156020
6415 , 156020
6416 , 156028
6417 , 156032
6418 , 156036
6419 , 156060
6420 , 156064
6421 , 156064
6422 , 156068
6423 , 156076
6424 , 156092
6425 , 156096
6426 , 156100
6427 , 156108
6428 , 156108
6429 , 156140
6430 , 156144
6431 , 156152
6432 , 156168
6433 , 156172
6434 , 156176
6435 , 156188
6436 , 156188
6437 , 156188
6438 , 156192
6439 , 156196
6440 , 156204
6441 , 156220
6442 , 156256
6443 , 156328
6444 , 156328
6445 , 156332
6446 , 156340
6447 , 156356
6448 , 156360
6449 , 156360
6450 , 156360
6451 , 156364
6452 , 156368
6453 , 156368
6454 , 156372
6455 , 156384
6456 , 156388
6457 , 156396
6458 , 156404
6459 , 156404
6460 , 156404
6461 , 156408
6462 , 156412
6463 , 156440
6464 , 156472
6465 , 156476
6466 , 156484
6467 , 156484
6468 , 156488
6469 , 156488
6470 , 156516
6471 , 156520
6472 , 156528
6473 , 156528
6474 , 156544
6475 , 156580
6476 , 156648
6477 , 156784
6478 , 156800
6479 , 156800
6480 , 156808
6481 , 156816
6482 , 156816
6483 , 156820
6484 , 156832
6485 , 156848
6486 , 156880
6487 , 156884
6488 , 156896
6489 , 156960
6490 , 156964
6491 , 156972
6492 , 156988
6493 , 156992
6494 , 156992
6495 , 156996
6496 , 157000
6497 , 157008
6498 , 157008
6499 , 157012
6500 , 157020
6501 , 157040
6502 , 157044
6503 , 157044
6504 , 157076
6505 , 157076
6506 , 157092
6507 , 157092
6508 , 157096
6509 , 157096
6510 , 157096
6511 , 157112
6512 , 157132
6513 , 157136
6514 , 157144
6515 , 157164
6516 , 157196
6517 , 157260
6518 , 157260
6519 , 157400
6520 , 157408
6521 , 157424
6522 , 157428
6523 , 157428
6524 , 157432
6525 , 157440
6526 , 157444
6527 , 157448
6528 , 157448
6529 , 157460
6530 , 157476
6531 , 157480
6532 , 157480
6533 , 157488
6534 , 157488
6535 , 157488
6536 , 157492
6537 , 157500
6538 , 157500
6539 , 157776
6540 , 158288
6541 , 158320
6542 , 158332
6543 , 158332
6544 , 158336
6545 , 158336
6546 , 158336
6547 , 158340
6548 , 158352
6549 , 158372
6550 , 158420
6551 , 158420
6552 , 158504
6553 , 158504
6554 , 158512
6555 , 158516
6556 , 158520
6557 , 158528
6558 , 158548
6559 , 158556
6560 , 158588
6561 , 158588
6562 , 158588
6563 , 158592
6564 , 158604
6565 , 158620
6566 , 158624
6567 , 158632
6568 , 158636
6569 , 158640
6570 , 158648
6571 , 158664
6572 , 158700
6573 , 158708
6574 , 158712
6575 , 158712
6576 , 158716
6577 , 158780
6578 , 158788
6579 , 158804
6580 , 158804
6581 , 158808
6582 , 158808
6583 , 158812
6584 , 158824
6585 , 158828
6586 , 158836
6587 , 158836
6588 , 158856
6589 , 158864
6590 , 158868
6591 , 158900
6592 , 158904
6593 , 158916
6594 , 158932
6595 , 158932
6596 , 158932
6597 , 158936
6598 , 158944
6599 , 158952
6600 , 158960
6601 , 158976
6602 , 159012
6603 , 159080
6604 , 159208
6605 , 159208
6606 , 159216
6607 , 159220
6608 , 159224
6609 , 159236
6610 , 159252
6611 , 159252
6612 , 159256
6613 , 159264
6614 , 159268
6615 , 159268
6616 , 159272
6617 , 159284
6618 , 159284
6619 , 159300
6620 , 159304
6621 , 159308
6622 , 159316
6623 , 159316
6624 , 159348
6625 , 159356
6626 , 159364
6627 , 159368
6628 , 159368
6629 , 159368
6630 , 159372
6631 , 159384
6632 , 159384
6633 , 159408
6634 , 159428
6635 , 159468
6636 , 159472
6637 , 159536
6638 , 159672
6639 , 159692
6640 , 159692
6641 , 159948
6642 , 159948
6643 , 159948
6644 , 160972
6645 , 160980
6646 , 160980
6647 , 163028
6648 , 163032
6649 , 163032
6650 , 163056
6651 , 163056
6652 , 163076
6653 , 163116
6654 , 163120
6655 , 163120
6656 , 163124
6657 , 163132
6658 , 163152
6659 , 163152
6660 , 163156
6661 , 163164
6662 , 163164
6663 , 163168
6664 , 163176
6665 , 163192
6666 , 163200
6667 , 163208
6668 , 163216
6669 , 163216
6670 , 163216
6671 , 163216
6672 , 163220
6673 , 163236
6674 , 163284
6675 , 163356
6676 , 163372
6677 , 163372
6678 , 163404
6679 , 163408
6680 , 163408
6681 , 163412
6682 , 163424
6683 , 163432
6684 , 163448
6685 , 163448
6686 , 163452
6687 , 163452
6688 , 163456
6689 , 163468
6690 , 163476
6691 , 163496
6692 , 163528
6693 , 163532
6694 , 163536
6695 , 163544
6696 , 163548
6697 , 163548
6698 , 163548
6699 , 163556
6700 , 163564
6701 , 163580
6702 , 163580
6703 , 163588
6704 , 163600
6705 , 163616
6706 , 163620
6707 , 163620
6708 , 163620
6709 , 163632
6710 , 163636
6711 , 163644
6712 , 163660
6713 , 163692
6714 , 163692
6715 , 163696
6716 , 163696
6717 , 163768
6718 , 163784
6719 , 163800
6720 , 163932
6721 , 163968
6722 , 163976
6723 , 163976
6724 , 163976
6725 , 163976
6726 , 163980
6727 , 163984
6728 , 163984
6729 , 163984
6730 , 163984
6731 , 164004
6732 , 164024
6733 , 164024
6734 , 164036
6735 , 164052
6736 , 164088
6737 , 164152
6738 , 164156
6739 , 164164
6740 , 164164
6741 , 164164
6742 , 164164
6743 , 164164
6744 , 164172
6745 , 164188
6746 , 164188
6747 , 164192
6748 , 164192
6749 , 164216
6750 , 164216
6751 , 164240
6752 , 164244
6753 , 164252
6754 , 164272
6755 , 164276
6756 , 164284
6757 , 164284
6758 , 164288
6759 , 164288
6760 , 164300
6761 , 164316
6762 , 164348
6763 , 164348
6764 , 164384
6765 , 164384
6766 , 164452
6767 , 164580
6768 , 164580
6769 , 164584
6770 , 164844
6771 , 164844
6772 , 164860
6773 , 164868
6774 , 165408
6775 , 165416
6776 , 165416
6777 , 165436
6778 , 165440
6779 , 165440
6780 , 165444
6781 , 165444
6782 , 165452
6783 , 165484
6784 , 165552
6785 , 165564
6786 , 165564
6787 , 165572
6788 , 165580
6789 , 165580
6790 , 165596
6791 , 165596
6792 , 165596
6793 , 165600
6794 , 165608
6795 , 165612
6796 , 165620
6797 , 165636
6798 , 165636
6799 , 165640
6800 , 165652
6801 , 165684
6802 , 165684
6803 , 165688
6804 , 165696
6805 , 165696
6806 , 165712
6807 , 165716
6808 , 165724
6809 , 165740
6810 , 165744
6811 , 165748
6812 , 165784
6813 , 165792
6814 , 165868
6815 , 165872
6816 , 166008
6817 , 166016
6818 , 166048
6819 , 166052
6820 , 166056
6821 , 166092
6822 , 166092
6823 , 166092
6824 , 166092
6825 , 166096
6826 , 166096
6827 , 166100
6828 , 166108
6829 , 166116
6830 , 166120
6831 , 166120
6832 , 166124
6833 , 166132
6834 , 166136
6835 , 166156
6836 , 166156
6837 , 166168
6838 , 166176
6839 , 166192
6840 , 166192
6841 , 166196
6842 , 166196
6843 , 166208
6844 , 166212
6845 , 166216
6846 , 166224
6847 , 166224
6848 , 166228
6849 , 166252
6850 , 166268
6851 , 166304
6852 , 166400
6853 , 166400
6854 , 166404
6855 , 166408
6856 , 166408
6857 , 166412
6858 , 166412
6859 , 166432
6860 , 166444
6861 , 166460
6862 , 166460
6863 , 166464
6864 , 166464
6865 , 166476
6866 , 166476
6867 , 166476
6868 , 166496
6869 , 166496
6870 , 166528
6871 , 166536
6872 , 166544
6873 , 166548
6874 , 166612
6875 , 166744
6876 , 167008
6877 , 167012
6878 , 167012
6879 , 167012
6880 , 167016
6881 , 167024
6882 , 167040
6883 , 167044
6884 , 167056
6885 , 167072
6886 , 167072
6887 , 167072
6888 , 167076
6889 , 167120
6890 , 167128
6891 , 167132
6892 , 167136
6893 , 167136
6894 , 167136
6895 , 167140
6896 , 167152
6897 , 167152
6898 , 167180
6899 , 167184
6900 , 167184
6901 , 167188
6902 , 167196
6903 , 167220
6904 , 167256
6905 , 167256
6906 , 167272
6907 , 167276
6908 , 167276
6909 , 167276
6910 , 167280
6911 , 167288
6912 , 167300
6913 , 167300
6914 , 167320
6915 , 167324
6916 , 167328
6917 , 167336
6918 , 167340
6919 , 167340
6920 , 167344
6921 , 167352
6922 , 167356
6923 , 167364
6924 , 167372
6925 , 167392
6926 , 167440
6927 , 167508
6928 , 167508
6929 , 167540
6930 , 167540
6931 , 167540
6932 , 167544
6933 , 167620
6934 , 167628
6935 , 167632
6936 , 167632
6937 , 167636
6938 , 167644
6939 , 167644
6940 , 167648
6941 , 167652
6942 , 167676
6943 , 167680
6944 , 167684
6945 , 167692
6946 , 167708
6947 , 167744
6948 , 167748
6949 , 167748
6950 , 167752
6951 , 167760
6952 , 167768
6953 , 167772
6954 , 167776
6955 , 167784
6956 , 167788
6957 , 167820
6958 , 167852
6959 , 167916
6960 , 168056
6961 , 168056
6962 , 168060
6963 , 168060
6964 , 168060
6965 , 168064
6966 , 168072
6967 , 168084
6968 , 168092
6969 , 168108
6970 , 168112
6971 , 168116
6972 , 168124
6973 , 168124
6974 , 168128
6975 , 168128
6976 , 168148
6977 , 168152
6978 , 168160
6979 , 168196
6980 , 168200
6981 , 168208
6982 , 168224
6983 , 168224
6984 , 168224
6985 , 168228
6986 , 168232
6987 , 168240
6988 , 168244
6989 , 168252
6990 , 168256
6991 , 168264
6992 , 168280
6993 , 168312
6994 , 168376
6995 , 168384
6996 , 168512
6997 , 168772
6998 , 169284
6999 , 170312
7000 , 170324
7001 , 170332
7002 , 170356
7003 , 170360
7004 , 170368
7005 , 170388
7006 , 170388
7007 , 170420
7008 , 170424
7009 , 170424
7010 , 170432
7011 , 170448
7012 , 170448
7013 , 170452
7014 , 170468
7015 , 170484
7016 , 170484
7017 , 170492
7018 , 170496
7019 , 170536
7020 , 170600
7021 , 170600
7022 , 170604
7023 , 170604
7024 , 170608
7025 , 170616
7026 , 170636
7027 , 170644
7028 , 170648
7029 , 170648
7030 , 170648
7031 , 170668
7032 , 170668
7033 , 170708
7034 , 170708
7035 , 170712
7036 , 170712
7037 , 170716
7038 , 170724
7039 , 170728
7040 , 170728
7041 , 170744
7042 , 170772
7043 , 170788
7044 , 170792
7045 , 170792
7046 , 170796
7047 , 170796
7048 , 170796
7049 , 170808
7050 , 170816
7051 , 170832
7052 , 170868
7053 , 170944
7054 , 171072
7055 , 171076
7056 , 171076
7057 , 171076
7058 , 171080
7059 , 171088
7060 , 171108
7061 , 171112
7062 , 171120
7063 , 171128
7064 , 171160
7065 , 171164
7066 , 171168
7067 , 171192
7068 , 171192
7069 , 171196
7070 , 171204
7071 , 171220
7072 , 171256
7073 , 171260
7074 , 171268
7075 , 171268
7076 , 171272
7077 , 171276
7078 , 171284
7079 , 171300
7080 , 171304
7081 , 171304
7082 , 171308
7083 , 171308
7084 , 171308
7085 , 171312
7086 , 171320
7087 , 171324
7088 , 171332
7089 , 171352
7090 , 171388
7091 , 171460
7092 , 171464
7093 , 171476
7094 , 171492
7095 , 171496
7096 , 171504
7097 , 171504
7098 , 171508
7099 , 171512
7100 , 171512
7101 , 171520
7102 , 171540
7103 , 171544
7104 , 171576
7105 , 171588
7106 , 171588
7107 , 171592
7108 , 171592
7109 , 171596
7110 , 171604
7111 , 171624
7112 , 171624
7113 , 171624
7114 , 171628
7115 , 171636
7116 , 171640
7117 , 171640
7118 , 171648
7119 , 171668
7120 , 171700
7121 , 171704
7122 , 171768
7123 , 171908
7124 , 171912
7125 , 172176
7126 , 172192
7127 , 172196
7128 , 172196
7129 , 172200
7130 , 172208
7131 , 172208
7132 , 172208
7133 , 172220
7134 , 172244
7135 , 172244
7136 , 172244
7137 , 172280
7138 , 172284
7139 , 172296
7140 , 172296
7141 , 172296
7142 , 172300
7143 , 172308
7144 , 172312
7145 , 172340
7146 , 172356
7147 , 172388
7148 , 172456
7149 , 172456
7150 , 172460
7151 , 172464
7152 , 172472
7153 , 172476
7154 , 172484
7155 , 172500
7156 , 172500
7157 , 172500
7158 , 172504
7159 , 172504
7160 , 172512
7161 , 172520
7162 , 172520
7163 , 172532
7164 , 172548
7165 , 172584
7166 , 172656
7167 , 172664
7168 , 172680
7169 , 172684
7170 , 172688
7171 , 172696
7172 , 172700
7173 , 172704
7174 , 172712
7175 , 172728
7176 , 172732
7177 , 172740
7178 , 172744
7179 , 172744
7180 , 172776
7181 , 172780
7182 , 172792
7183 , 172808
7184 , 172812
7185 , 172812
7186 , 172812
7187 , 172812
7188 , 172824
7189 , 172824
7190 , 172824
7191 , 172828
7192 , 172840
7193 , 172840
7194 , 172984
7195 , 172988
7196 , 172996
7197 , 173032
7198 , 173036
7199 , 173036
7200 , 173036
7201 , 173108
7202 , 173112
7203 , 173140
7204 , 173148
7205 , 173148
7206 , 173148
7207 , 173152
7208 , 173172
7209 , 173204
7210 , 173204
7211 , 173204
7212 , 173208
7213 , 173220
7214 , 173232
7215 , 173240
7216 , 173256
7217 , 173260
7218 , 173260
7219 , 173260
7220 , 173264
7221 , 173268
7222 , 173276
7223 , 173292
7224 , 173328
7225 , 173340
7226 , 173404
7227 , 173532
7228 , 173792
7229 , 173804
7230 , 173812
7231 , 173816
7232 , 173820
7233 , 173828
7234 , 173860
7235 , 173864
7236 , 173872
7237 , 173872
7238 , 173904
7239 , 173908
7240 , 173916
7241 , 173932
7242 , 173936
7243 , 173936
7244 , 173944
7245 , 173952
7246 , 173956
7247 , 173964
7248 , 173984
7249 , 174016
7250 , 174080
7251 , 174084
7252 , 174096
7253 , 174104
7254 , 174104
7255 , 174104
7256 , 174108
7257 , 174108
7258 , 174112
7259 , 174112
7260 , 174116
7261 , 174124
7262 , 174128
7263 , 174148
7264 , 174156
7265 , 174172
7266 , 174172
7267 , 174212
7268 , 174216
7269 , 174220
7270 , 174220
7271 , 174224
7272 , 174232
7273 , 174252
7274 , 174252
7275 , 174256
7276 , 174256
7277 , 174256
7278 , 174268
7279 , 174280
7280 , 174296
7281 , 174328
7282 , 174396
7283 , 174408
7284 , 174536
7285 , 174548
7286 , 174564
7287 , 174568
7288 , 174568
7289 , 174576
7290 , 174576
7291 , 174576
7292 , 174580
7293 , 174584
7294 , 174584
7295 , 174584
7296 , 174588
7297 , 174600
7298 , 174628
7299 , 174628
7300 , 174632
7301 , 174640
7302 , 174656
7303 , 174688
7304 , 174696
7305 , 174704
7306 , 174704
7307 , 174708
7308 , 174708
7309 , 174720
7310 , 174740
7311 , 174772
7312 , 174772
7313 , 174784
7314 , 174784
7315 , 174788
7316 , 174792
7317 , 174800
7318 , 174820
7319 , 174828
7320 , 174828
7321 , 174832
7322 , 174836
7323 , 174844
7324 , 174848
7325 , 174848
7326 , 174852
7327 , 174860
7328 , 174876
7329 , 174908
7330 , 174972
7331 , 174976
7332 , 174976
7333 , 174980
7334 , 174992
7335 , 174992
7336 , 175020
7337 , 175024
7338 , 175032
7339 , 175032
7340 , 175036
7341 , 175052
7342 , 175084
7343 , 175084
7344 , 175088
7345 , 175092
7346 , 175168
7347 , 175816
7348 , 176076
7349 , 176076
7350 , 176080
7351 , 176096
7352 , 176112
7353 , 176112
7354 , 176116
7355 , 176116
7356 , 176120
7357 , 176124
7358 , 176124
7359 , 176132
7360 , 176136
7361 , 176136
7362 , 176136
7363 , 176140
7364 , 176152
7365 , 176168
7366 , 176168
7367 , 176212
7368 , 176220
7369 , 176236
7370 , 176240
7371 , 176240
7372 , 176240
7373 , 176252
7374 , 176256
7375 , 176260
7376 , 176268
7377 , 176272
7378 , 176296
7379 , 176312
7380 , 176348
7381 , 176412
7382 , 176412
7383 , 176412
7384 , 176412
7385 , 176428
7386 , 176428
7387 , 176428
7388 , 176432
7389 , 176440
7390 , 176460
7391 , 176468
7392 , 176472
7393 , 176480
7394 , 176480
7395 , 176500
7396 , 176536
7397 , 176536
7398 , 176548
7399 , 176552
7400 , 176560
7401 , 176580
7402 , 176612
7403 , 176616
7404 , 176616
7405 , 176616
7406 , 176616
7407 , 176628
7408 , 176632
7409 , 176636
7410 , 176644
7411 , 176644
7412 , 176648
7413 , 176672
7414 , 176676
7415 , 176676
